2 0.416875 0.27320359281437123 0.01 0.010479041916167664
2 0.531875 0.28892215568862273 0.01125 0.01347305389221557
2 0.548125 0.36077844311377244 0.0125 0.011976047904191617
2 0.5925 0.5778443113772455 0.02 0.017964071856287425
2 0.620625 0.719311377245509 0.015 0.017964071856287425
1 0.329375 0.20808383233532934 0.03125 0.07035928143712575
0 0.700625 0.19086826347305388 0.02 0.025449101796407185
2 0.75 0.1661676646706587 0.01375 0.01347305389221557
2 0.77375 0.2252994011976048 0.01375 0.01347305389221557
1 0.73 0.24925149700598803 0.07375 0.05538922155688623
2 0.7175 0.24625748502994013 0.00875 0.011976047904191617
0 0.82625 0.5157185628742516 0.02125 0.02245508982035928
0 0.7875 0.3937125748502994 0.01875 0.020958083832335328
2 0.795 0.5 0.015 0.011976047904191617
2 0.801875 0.5254491017964071 0.01 0.01347305389221557
2 0.3625 0.9730538922155688 0.07875 0.04790419161676647
0 0.724375 0.08982035928143713 0.02875 0.029940119760479042
1 0.40875 0.7529940119760479 0.0725 0.07934131736526946
2 0.33 0.23353293413173654 0.01 0.0074850299401197605
2 0.385625 0.20508982035928144 0.00875 0.0074850299401197605
1 0.5825 0.15568862275449102 0.0475 0.09580838323353294
1 0.645 0.1624251497005988 0.0525 0.08682634730538923
0 0.95375 0.7649700598802395 0.03375 0.03143712574850299