2 0.411875 0.27211394302848574 0.01 0.010494752623688156
2 0.528125 0.2908545727136432 0.01125 0.013493253373313344
2 0.545625 0.36281859070464767 0.0125 0.01199400299850075
2 0.59375 0.5802098950524738 0.02 0.017991004497751123
2 0.624375 0.7233883058470765 0.01625 0.017991004497751123
1 0.323125 0.20539730134932535 0.03125 0.07196401799100449
0 0.694375 0.19715142428785606 0.02 0.025487256371814093
2 0.74375 0.17391304347826086 0.01375 0.013493253373313344
2 0.7675 0.2331334332833583 0.01375 0.013493253373313344
1 0.725 0.2571214392803598 0.075 0.05697151424287856
2 0.7125 0.25262368815592207 0.00875 0.01199400299850075
0 0.82625 0.525487256371814 0.02125 0.022488755622188907
0 0.785 0.4017991004497751 0.01875 0.020989505247376312
2 0.795 0.5082458770614693 0.01625 0.01199400299850075
2 0.801875 0.5337331334332833 0.01 0.013493253373313344
2 0.37125 0.9685157421289355 0.08 0.049475262368815595
0 0.716875 0.09745127436281859 0.02875 0.031484257871064465
1 0.41375 0.7511244377811095 0.07375 0.08095952023988005
2 0.325 0.23088455772113944 0.01 0.0074962518740629685
2 0.380625 0.20389805097451275 0.00875 0.0074962518740629685
1 0.57625 0.15892053973013492 0.04875 0.09895052473763119
1 0.63875 0.1671664167916042 0.0525 0.08995502248875563
0 0.95875 0.7766116941529235 0.035 0.03298350824587706