3 0.701875 0.47679640718562877 0.025 0.008982035928143712
3 0.626875 0.468562874251497 0.01125 0.008982035928143712
3 0.775 0.48727544910179643 0.025 0.01347305389221557
3 0.61 0.44461077844311375 0.00875 0.016467065868263474
3 0.61375 0.3570359281437126 0.0125 0.019461077844311378
3 0.6175 0.28967065868263475 0.015 0.020958083832335328
3 0.62125 0.18413173652694612 0.01625 0.020958083832335328
3 0.51625 0.11526946107784432 0.02375 0.016467065868263474
3 0.42625 0.1062874251497006 0.015 0.011976047904191617
2 0.228125 0.15119760479041916 0.005 0.005988023952095809
2 0.276875 0.16092814371257486 0.01 0.010479041916167664
2 0.285625 0.05538922155688623 0.01375 0.01347305389221557
3 0.3075 0.14595808383233533 0.015 0.02694610778443114
2 0.19625 0.6182634730538922 0.0075 0.008982035928143712
3 0.214375 0.5419161676646707 0.01625 0.0718562874251497
3 0.285 0.4865269461077844 0.01625 0.02245508982035928
3 0.269375 0.7769461077844312 0.01625 0.020958083832335328
3 0.276875 0.6474550898203593 0.0225 0.03293413173652695
3 0.295625 0.312125748502994 0.02125 0.02844311377245509
2 0.20875 0.38023952095808383 0.01125 0.010479041916167664
3 0.225 0.33308383233532934 0.01125 0.03143712574850299
3 0.23375 0.2118263473053892 0.015 0.04341317365269461
3 0.250625 0.048652694610778445 0.01875 0.0374251497005988
2 0.716875 0.28592814371257486 0.01875 0.02245508982035928
2 0.721875 0.19535928143712575 0.02 0.019461077844311378
3 0.768125 0.11077844311377245 0.05375 0.061377245508982034
3 0.68875 0.07634730538922156 0.0325 0.041916167664670656