2 0.761875 0.8338323353293413 0.05375 0.059880239520958084
2 0.36375 0.8151197604790419 0.01625 0.016467065868263474
2 0.289375 0.625 0.01125 0.011976047904191617
2 0.134375 0.23353293413173654 0.01125 0.011976047904191617
2 0.08875 0.2440119760479042 0.035 0.02694610778443114
2 0.00875 0.27320359281437123 0.0175 0.058383233532934134
1 0.1025 0.4408682634730539 0.05875 0.04341317365269461
1 0.0425 0.5830838323353293 0.06125 0.10778443113772455
2 0.045 0.6100299401197605 0.0175 0.016467065868263474
2 0.305625 0.7747005988023952 0.01125 0.011976047904191617
0 0.284375 0.5164670658682635 0.0275 0.019461077844311378
0 0.27375 0.4416167664670659 0.02625 0.020958083832335328
0 0.251875 0.39520958083832336 0.0225 0.023952095808383235
1 0.279375 0.16541916167664672 0.05375 0.08532934131736528
2 0.266875 0.1407185628742515 0.0075 0.005988023952095809
2 0.845625 0.20059880239520958 0.01125 0.010479041916167664
0 0.815625 0.13547904191616766 0.02125 0.025449101796407185
1 0.825 0.27245508982035926 0.0725 0.08233532934131736
0 0.7875 0.2148203592814371 0.0225 0.020958083832335328
2 0.663125 0.312874251497006 0.01125 0.010479041916167664
2 0.683125 0.37350299401197606 0.01125 0.011976047904191617
0 0.894375 0.3630239520958084 0.01625 0.019461077844311378
0 0.87875 0.38547904191616766 0.02125 0.019461077844311378
0 0.918125 0.47979041916167664 0.01625 0.016467065868263474
0 0.935625 0.46032934131736525 0.02125 0.023952095808383235
2 0.8925 0.4723053892215569 0.00875 0.0074850299401197605
2 0.9025 0.49251497005988026 0.01 0.011976047904191617
1 0.974375 0.5733532934131736 0.04875 0.10479041916167664
2 0.548125 0.3068862275449102 0.00375 0.005988023952095809
2 0.7475 0.5494011976047904 0.0125 0.014970059880239521
2 0.784375 0.6616766467065869 0.01125 0.01347305389221557