0 0.040625 0.6130239520958084 0.04625 0.04940119760479042
2 0.52 0.48727544910179643 0.0375 0.04640718562874251
3 0.46125 0.6714071856287425 0.02875 0.15718562874251496
3 0.5875 0.6721556886227545 0.05375 0.13922155688622753
2 0.870625 0.75 0.015 0.019461077844311378
2 0.3625 0.14221556886227546 0.0075 0.008982035928143712
2 0.444375 0.17739520958083832 0.00875 0.010479041916167664
2 0.445625 0.2058383233532934 0.00875 0.0074850299401197605
1 0.43875 0.14895209580838323 0.04 0.15718562874251496
1 0.361875 0.10479041916167664 0.03375 0.10179640718562874
1 0.291875 0.1781437125748503 0.06875 0.05389221556886228
2 0.299375 0.18038922155688622 0.015 0.011976047904191617
2 0.29625 0.2372754491017964 0.01125 0.008982035928143712
2 0.283125 0.27694610778443113 0.01125 0.010479041916167664
2 0.186875 0.28218562874251496 0.0125 0.011976047904191617
2 0.17625 0.3061377245508982 0.015 0.010479041916167664
0 0.2825 0.041916167664670656 0.0275 0.023952095808383235
0 0.14125 0.041916167664670656 0.02625 0.025449101796407185
0 0.1825 0.38547904191616766 0.025 0.029940119760479042
0 0.226875 0.28218562874251496 0.025 0.03143712574850299
2 0.18 0.4708083832335329 0.015 0.023952095808383235
2 0.516875 0.3061377245508982 0.03 0.02694610778443114
2 0.509375 0.11452095808383234 0.01875 0.010479041916167664
2 0.505 0.06362275449101797 0.01125 0.0074850299401197605
2 0.898125 0.3046407185628742 0.02375 0.019461077844311378
1 0.7275 0.2597305389221557 0.04625 0.0718562874251497
2 0.72875 0.24925149700598803 0.0125 0.008982035928143712
2 0.260625 0.10329341317365269 0.0075 0.008982035928143712
2 0.255625 0.11751497005988024 0.01125 0.011976047904191617
2 0.37875 0.8502994011976048 0.015 0.0074850299401197605