0 0.469375 0.3065967016491754 0.025 0.034482758620689655
2 0.428125 0.31859070464767614 0.02125 0.020989505247376312
0 0.389375 0.31859070464767614 0.025 0.031484257871064465
2 0.434375 0.3598200899550225 0.01125 0.01199400299850075
0 0.448125 0.38455772113943026 0.025 0.031484257871064465
2 0.11 0.8065967016491754 0.01125 0.013493253373313344
2 0.073125 0.7938530734632684 0.0075 0.013493253373313344
3 0.736875 0.6941529235382309 0.01625 0.07796101949025487
3 0.77875 0.7128935532233883 0.01875 0.08095952023988005
3 0.516875 0.3403298350824588 0.0125 0.043478260869565216
3 0.70875 0.31259370314842577 0.02125 0.04047976011994003
3 0.19625 0.5014992503748126 0.04 0.10194902548725637
2 0.203125 0.4970014992503748 0.03125 0.026986506746626688
2 0.441875 0.2608695652173913 0.0425 0.04047976011994003
3 0.141875 0.787856071964018 0.0125 0.017991004497751123
3 0.056875 0.8703148425787106 0.02375 0.05547226386806597
3 0.7325 0.7466266866566716 0.11375 0.026986506746626688
2 0.455 0.0727136431784108 0.065 0.07496251874062969
3 0.505625 0.25862068965517243 0.01875 0.03298350824587706
3 0.51875 0.20539730134932535 0.01625 0.029985007496251874
2 0.6225 0.8050974512743628 0.03 0.02848575712143928
2 0.605 0.9640179910044977 0.02875 0.031484257871064465
2 0.563125 0.44302848575712145 0.0575 0.05847076461769116
2 0.5225 0.3695652173913043 0.0125 0.008995502248875561
2 0.54375 0.24962518740629686 0.01 0.008995502248875561
3 0.334375 0.7511244377811095 0.0325 0.013493253373313344
3 0.240625 0.7488755622188905 0.02875 0.022488755622188907
1 0.626875 0.48050974512743627 0.07125 0.13943028485757122