2 0.34125 0.6551724137931034 0.0525 0.05997001499250375
2 0.485 0.679160419790105 0.03125 0.031484257871064465
0 0.910625 0.6326836581709145 0.05875 0.047976011994003
2 0.138125 0.8148425787106447 0.2025 0.07796101949025487
0 0.03125 0.5944527736131934 0.0625 0.09145427286356822
2 0.3825 0.4910044977511244 0.03375 0.034482758620689655
2 0.426875 0.2946026986506747 0.0275 0.022488755622188907
0 0.749375 0.041979010494752625 0.03125 0.020989505247376312
0 0.89625 0.05547226386806597 0.025 0.025487256371814093
2 0.474375 0.11094452773613193 0.025 0.01649175412293853
2 0.485 0.053973013493253376 0.01375 0.01199400299850075
2 0.555625 0.044977511244377814 0.02 0.010494752623688156
2 0.440625 0.04572713643178411 0.02625 0.013493253373313344
2 0.411875 0.09745127436281859 0.02375 0.022488755622188907
2 0.415 0.17166416791604197 0.02 0.022488755622188907
2 0.56375 0.16266866566716642 0.02375 0.022488755622188907
2 0.575 0.08620689655172414 0.01875 0.017991004497751123
2 0.389375 0.18440779610194902 0.01 0.010494752623688156
3 0.316875 0.12443778110944528 0.0175 0.026986506746626688
3 0.32 0.17091454272863568 0.01375 0.026986506746626688
3 0.323125 0.20689655172413793 0.01375 0.026986506746626688
1 0.225625 0.2848575712143928 0.06 0.12143928035982009
2 0.19625 0.48950524737631185 0.01125 0.017991004497751123
0 0.3025 0.05022488755622189 0.025 0.022488755622188907
2 0.375 0.8538230884557722 0.01875 0.014992503748125937
2 0.73375 0.8605697151424287 0.0175 0.017991004497751123
2 0.9425 0.5037481259370314 0.01875 0.020989505247376312
0 0.184375 0.5314842578710645 0.02875 0.035982008995502246