0 0.466875 0.3095952023988006 0.02375 0.034482758620689655
2 0.425 0.3230884557721139 0.02125 0.019490254872563718
0 0.38625 0.32533733133433285 0.02375 0.031484257871064465
2 0.430625 0.36281859070464767 0.01125 0.013493253373313344
0 0.446875 0.3868065967016492 0.02375 0.031484257871064465
2 0.114375 0.823088455772114 0.01125 0.014992503748125937
2 0.075625 0.8148425787106447 0.0075 0.014992503748125937
3 0.739375 0.6814092953523239 0.015 0.07946026986506746
3 0.783125 0.6986506746626686 0.0175 0.08245877061469266
3 0.515 0.3403298350824588 0.01125 0.044977511244377814
3 0.7075 0.30359820089955025 0.02 0.04047976011994003
3 0.19625 0.5149925037481259 0.03875 0.10344827586206896
2 0.2025 0.5112443778110944 0.03 0.025487256371814093
2 0.43875 0.2638680659670165 0.04125 0.041979010494752625
3 0.145625 0.8043478260869565 0.0125 0.017991004497751123
3 0.0625 0.8898050974512743 0.02375 0.05547226386806597
3 0.73625 0.7338830584707646 0.11375 0.0239880059970015
2 0.4475 0.07646176911544228 0.0625 0.07496251874062969
3 0.5025 0.2608695652173913 0.0175 0.034482758620689655
3 0.514375 0.20539730134932535 0.015 0.031484257871064465
2 0.628125 0.7976011994002998 0.02875 0.026986506746626688
2 0.611875 0.9565217391304348 0.02625 0.031484257871064465
2 0.561875 0.4407796101949025 0.0575 0.05997001499250375
2 0.520625 0.36731634182908546 0.0125 0.008995502248875561
2 0.54 0.24962518740629686 0.01 0.008995502248875561
3 0.33625 0.7586206896551724 0.0325 0.013493253373313344
3 0.24375 0.7593703148425787 0.02875 0.020989505247376312
1 0.62625 0.47301349325337333 0.06875 0.1409295352323838