2 0.6925 0.8260869565217391 0.04875 0.05997001499250375
2 0.29625 0.8245877061469266 0.015 0.01649175412293853
2 0.2625 0.6356821589205397 0.01 0.013493253373313344
2 0.19 0.24737631184407796 0.01 0.013493253373313344
2 0.1425 0.2608695652173913 0.03125 0.026986506746626688
2 0.036875 0.2938530734632684 0.04875 0.05547226386806597
1 0.11375 0.4587706146926537 0.05375 0.041979010494752625
1 0.025625 0.6041979010494752 0.05125 0.11094452773613193
2 0.02125 0.631184407796102 0.01625 0.01649175412293853
2 0.2475 0.7871064467766117 0.01 0.013493253373313344
0 0.28125 0.527736131934033 0.025 0.019490254872563718
0 0.28625 0.4527736131934033 0.02375 0.020989505247376312
0 0.27375 0.4047976011994003 0.02 0.0239880059970015
1 0.34875 0.1724137931034483 0.0475 0.08695652173913043
2 0.3425 0.1469265367316342 0.00625 0.005997001499250375
2 0.91 0.18290854572713644 0.01 0.01199400299850075
0 0.8925 0.1199400299850075 0.01875 0.025487256371814093
1 0.87375 0.25787106446776614 0.065 0.08395802098950525
0 0.8475 0.19940029985007496 0.02 0.020989505247376312
2 0.7025 0.3058470764617691 0.01 0.01199400299850075
2 0.71 0.36431784107946025 0.01 0.013493253373313344
0 0.9225 0.34632683658170915 0.015 0.019490254872563718
0 0.9025 0.36881559220389803 0.01875 0.019490254872563718
0 0.9225 0.4617691154422789 0.015 0.01649175412293853
0 0.945 0.4407796101949025 0.01875 0.0239880059970015
2 0.89875 0.45577211394302847 0.0075 0.0074962518740629685
2 0.905 0.4752623688155922 0.00875 0.013493253373313344
1 0.96625 0.553223388305847 0.0525 0.10344827586206896
2 0.5875 0.30434782608695654 0.00375 0.005997001499250375
2 0.73625 0.5397301349325337 0.01 0.01649175412293853
2 0.75 0.6506746626686657 0.01 0.014992503748125937