2 0.7025 0.8690119760479041 0.05 0.06287425149700598
2 0.305625 0.7799401197604791 0.015 0.017964071856287425
2 0.26625 0.5823353293413174 0.01 0.01347305389221557
2 0.1825 0.17589820359281438 0.01 0.01347305389221557
2 0.135 0.17889221556886228 0.03125 0.02844311377245509
2 0.029375 0.18937125748502995 0.05 0.058383233532934134
1 0.1125 0.37050898203592814 0.05375 0.04491017964071856
1 0.028125 0.49925149700598803 0.055 0.11526946107784432
2 0.02375 0.5254491017964071 0.01625 0.017964071856287425
2 0.25625 0.7320359281437125 0.01 0.01347305389221557
0 0.28125 0.47754491017964074 0.025 0.020958083832335328
0 0.284375 0.4041916167664671 0.02375 0.02245508982035928
0 0.27 0.35404191616766467 0.02 0.025449101796407185
1 0.33875 0.13622754491017963 0.05 0.08982035928143713
2 0.33125 0.1092814371257485 0.00625 0.005988023952095809
2 0.900625 0.2717065868263473 0.01 0.011976047904191617
0 0.88125 0.20508982035928144 0.01875 0.02694610778443114
1 0.86625 0.33907185628742514 0.06625 0.08682634730538923
0 0.83875 0.27395209580838326 0.02 0.02245508982035928
2 0.6975 0.34880239520958084 0.01 0.011976047904191617
2 0.70625 0.4094311377245509 0.01 0.01347305389221557
0 0.92 0.437874251497006 0.015 0.020958083832335328
0 0.9 0.45583832335329344 0.01875 0.020958083832335328
0 0.921875 0.5546407185628742 0.015 0.017964071856287425
0 0.944375 0.5396706586826348 0.01875 0.025449101796407185
2 0.8975 0.5426646706586826 0.0075 0.0074850299401197605
2 0.905625 0.5658682634730539 0.00875 0.01347305389221557
1 0.969375 0.656437125748503 0.055 0.1062874251497006
2 0.581875 0.3226047904191617 0.00375 0.005988023952095809
2 0.738125 0.592814371257485 0.01125 0.016467065868263474
2 0.755625 0.7058383233532934 0.01 0.014970059880239521