2 0.451875 0.2687125748502994 0.00875 0.010479041916167664
2 0.565625 0.2949101796407186 0.01 0.01347305389221557
2 0.569375 0.36676646706586824 0.01125 0.011976047904191617
2 0.58 0.5853293413173652 0.0175 0.019461077844311378
2 0.585625 0.7275449101796407 0.01375 0.019461077844311378
1 0.375625 0.19610778443113772 0.0275 0.0748502994011976
0 0.749375 0.2148203592814371 0.0175 0.02694610778443114
2 0.80375 0.19461077844311378 0.0125 0.01347305389221557
2 0.81625 0.25523952095808383 0.0125 0.01347305389221557
1 0.77 0.2747005988023952 0.065 0.058383233532934134
2 0.7575 0.27020958083832336 0.0075 0.011976047904191617
0 0.823125 0.5456586826347305 0.01875 0.023952095808383235
0 0.80375 0.4221556886227545 0.01625 0.02245508982035928
2 0.795 0.5269461077844312 0.01375 0.011976047904191617
2 0.796875 0.5538922155688623 0.00875 0.01347305389221557
2 0.286875 0.9550898203592815 0.06875 0.05688622754491018
0 0.789375 0.11676646706586827 0.025 0.03143712574850299
1 0.36875 0.7395209580838323 0.06375 0.08383233532934131
2 0.3725 0.22005988023952097 0.00875 0.0074850299401197605
2 0.433125 0.19910179640718562 0.0075 0.0074850299401197605
1 0.6375 0.1691616766467066 0.0425 0.10029940119760479
1 0.69875 0.18038922155688622 0.04625 0.09131736526946108
0 0.910625 0.8053892215568862 0.03 0.03293413173652695