2 0.390625 0.655688622754491 0.05625 0.0658682634730539
2 0.538125 0.6788922155688623 0.035 0.03592814371257485
0 0.94375 0.6302395209580839 0.06375 0.05389221556886228
2 0.236875 0.8151197604790419 0.21375 0.09281437125748503
0 0.0625 0.5965568862275449 0.075 0.09880239520958084
2 0.38125 0.49101796407185627 0.0375 0.038922155688622756
2 0.3675 0.2934131736526946 0.03 0.025449101796407185
0 0.609375 0.040419161676646706 0.035 0.023952095808383235
0 0.75875 0.05389221556886228 0.0275 0.02844311377245509
2 0.359375 0.1092814371257485 0.0275 0.019461077844311378
2 0.353125 0.05389221556886228 0.01375 0.014970059880239521
2 0.41875 0.04341317365269461 0.02125 0.01347305389221557
2 0.305625 0.04491017964071856 0.0275 0.016467065868263474
2 0.29375 0.09730538922155689 0.02625 0.025449101796407185
2 0.318125 0.17140718562874252 0.0225 0.025449101796407185
2 0.4625 0.16167664670658682 0.02625 0.025449101796407185
2 0.450625 0.08532934131736528 0.02125 0.020958083832335328
2 0.2975 0.18488023952095808 0.01 0.011976047904191617
3 0.208125 0.12350299401197605 0.02 0.03143712574850299
3 0.225 0.17140718562874252 0.01625 0.02844311377245509
3 0.2375 0.20658682634730538 0.01625 0.02844311377245509
1 0.165 0.2851796407185629 0.0675 0.13323353293413173
2 0.1975 0.49101796407185627 0.0125 0.019461077844311378
0 0.1725 0.050149700598802395 0.0275 0.025449101796407185
2 0.481875 0.8540419161676647 0.02125 0.017964071856287425
2 0.8375 0.8585329341317365 0.02 0.020958083832335328
2 0.936875 0.5022455089820359 0.02125 0.023952095808383235
0 0.198125 0.531437125748503 0.03125 0.040419161676646706