2 0.355625 0.6724137931034483 0.05375 0.06296851574212893
2 0.500625 0.6784107946026986 0.0325 0.035982008995502246
0 0.925 0.5757121439280359 0.05875 0.05247376311844078
2 0.164375 0.856071964017991 0.20125 0.09145427286356822
0 0.035625 0.6544227886056971 0.07125 0.09745127436281859
2 0.38125 0.5059970014992504 0.03625 0.038980509745127435
2 0.408125 0.308095952023988 0.02875 0.0239880059970015
0 0.7075 0.017241379310344827 0.0325 0.0239880059970015
0 0.856875 0.012743628185907047 0.02625 0.025487256371814093
2 0.43875 0.12218890554722639 0.025 0.017991004497751123
2 0.444375 0.06446776611694154 0.015 0.013493253373313344
2 0.51375 0.04572713643178411 0.02 0.01199400299850075
2 0.3975 0.06146926536731634 0.02625 0.014992503748125937
2 0.374375 0.11694152923538231 0.02375 0.0239880059970015
2 0.385 0.1874062968515742 0.02125 0.0239880059970015
2 0.5325 0.16041979010494753 0.02375 0.0239880059970015
2 0.536875 0.08395802098950525 0.02 0.019490254872563718
2 0.360625 0.20464767616191903 0.01 0.010494752623688156
3 0.28125 0.15442278860569716 0.01875 0.029985007496251874
3 0.289375 0.20014992503748125 0.015 0.029985007496251874
3 0.295 0.2353823088455772 0.015 0.029985007496251874
1 0.205 0.3238380809595202 0.065 0.12743628185907047
2 0.194375 0.5292353823088456 0.0125 0.019490254872563718
0 0.26125 0.08470764617691154 0.025 0.0239880059970015
2 0.405625 0.8643178410794603 0.02 0.01649175412293853
2 0.7675 0.823088455772114 0.01875 0.019490254872563718
2 0.94375 0.4460269865067466 0.02 0.022488755622188907
0 0.185625 0.5719640179910045 0.03125 0.038980509745127435