2 0.17375 0.3028485757121439 0.02375 0.025487256371814093
2 0.48875 0.5727136431784108 0.01875 0.01649175412293853
3 0.4775 0.5847076461769115 0.0325 0.07496251874062969
3 0.52375 0.6176911544227887 0.1125 0.0239880059970015
1 0.7 0.22338830584707647 0.13 0.22038980509745126
0 0.68 0.30134932533733133 0.03125 0.025487256371814093
0 0.73 0.22938530734632684 0.0375 0.025487256371814093
0 0.6925 0.13793103448275862 0.03375 0.03298350824587706
0 0.65375 0.21889055472263869 0.02875 0.020989505247376312
2 0.68375 0.18290854572713644 0.01625 0.019490254872563718
2 0.6875 0.24887556221889057 0.01 0.014992503748125937
2 0.70875 0.2098950524737631 0.01 0.014992503748125937
2 0.71125 0.27136431784107945 0.01375 0.022488755622188907
2 0.83125 0.27436281859070466 0.01 0.01199400299850075
1 0.30375 0.07646176911544228 0.025 0.07196401799100449
1 0.5175 0.0734632683658171 0.04875 0.12593703148425786
2 0.515 0.10344827586206896 0.0075 0.008995502248875561
2 0.305 0.06746626686656672 0.01125 0.008995502248875561
3 0.52 0.022488755622188907 0.02625 0.013493253373313344
2 0.50875 0.12743628185907047 0.0075 0.010494752623688156
2 0.625 0.36281859070464767 0.01 0.010494752623688156
2 0.55875 0.13493253373313344 0.00375 0.005997001499250375
3 0.54 0.11544227886056972 0.015 0.031484257871064465
3 0.72625 0.8395802098950524 0.01625 0.047976011994003
2 0.70375 0.7721139430284858 0.005 0.0074962518740629685
2 0.73 0.7706146926536732 0.0075 0.008995502248875561
3 0.24125 0.5022488755622189 0.025 0.095952023988006
2 0.22 0.6551724137931034 0.01375 0.010494752623688156