0 0.06 0.6349325337331334 0.05125 0.049475262368815595
2 0.5175 0.48650674662668664 0.04125 0.046476761619190406
3 0.4825 0.6754122938530734 0.03125 0.15742128935532235
3 0.6075 0.6701649175412294 0.0575 0.13943028485757122
2 0.895625 0.7361319340329835 0.0175 0.019490254872563718
2 0.32 0.1469265367316342 0.00875 0.008995502248875561
2 0.405625 0.17916041979010494 0.01 0.010494752623688156
2 0.410625 0.20764617691154422 0.01 0.0074962518740629685
1 0.39625 0.15142428785607195 0.04375 0.15742128935532235
1 0.315625 0.10944527736131934 0.03625 0.10194902548725637
1 0.255625 0.1874062968515742 0.075 0.053973013493253376
2 0.263125 0.18815592203898052 0.0175 0.01199400299850075
2 0.26625 0.24587706146926536 0.0125 0.008995502248875561
2 0.258125 0.2848575712143928 0.0125 0.010494752623688156
2 0.165 0.29610194902548725 0.01375 0.01199400299850075
2 0.15625 0.32008995502248877 0.0175 0.010494752623688156
0 0.23 0.049475262368815595 0.03 0.0239880059970015
0 0.09 0.05547226386806597 0.02875 0.025487256371814093
0 0.1725 0.3995502248875562 0.02625 0.029985007496251874
0 0.203125 0.29235382308845576 0.02625 0.031484257871064465
2 0.18 0.48500749625187406 0.0175 0.0239880059970015
2 0.493125 0.30509745127436283 0.0325 0.026986506746626688
2 0.461875 0.11244377811094453 0.02 0.010494752623688156
2 0.4525 0.06146926536731634 0.0125 0.0074962518740629685
2 0.869375 0.2886056971514243 0.025 0.019490254872563718
2 0.580625 0.020989505247376312 0.01 0.010494752623688156
1 0.695 0.25037481259370314 0.05125 0.07196401799100449
2 0.69625 0.2391304347826087 0.01375 0.008995502248875561
2 0.214375 0.11319340329835083 0.00875 0.008995502248875561
2 0.2125 0.12668665667166418 0.0125 0.01199400299850075
2 0.4225 0.8590704647676162 0.0175 0.0074962518740629685