2 0.20875 0.328335832083958 0.025 0.026986506746626688
2 0.47625 0.5742128935532234 0.02 0.017991004497751123
3 0.46125 0.5877061469265368 0.03375 0.07796101949025487
3 0.5025 0.616191904047976 0.11625 0.025487256371814093
1 0.7525 0.20539730134932535 0.135 0.22638680659670166
0 0.7175 0.2863568215892054 0.0325 0.026986506746626688
0 0.78125 0.2098950524737631 0.03875 0.026986506746626688
0 0.76125 0.1199400299850075 0.035 0.03298350824587706
0 0.70625 0.20539730134932535 0.02875 0.022488755622188907
2 0.74375 0.1664167916041979 0.01625 0.020989505247376312
2 0.735 0.23238380809595202 0.01 0.01649175412293853
2 0.76375 0.191904047976012 0.01 0.01649175412293853
2 0.755 0.25337331334332835 0.01375 0.0239880059970015
2 0.875 0.24737631184407796 0.01 0.01199400299850075
1 0.38125 0.08995502248875563 0.02625 0.07496251874062969
1 0.59625 0.06896551724137931 0.05 0.12893553223388307
2 0.58875 0.09895052473763119 0.00875 0.008995502248875561
2 0.38375 0.08095952023988005 0.01125 0.008995502248875561
3 0.60875 0.017991004497751123 0.0275 0.013493253373313344
2 0.5775 0.12443778110944528 0.00875 0.010494752623688156
2 0.65 0.3523238380809595 0.01 0.010494752623688156
2 0.6275 0.12743628185907047 0.00375 0.005997001499250375
3 0.61125 0.11094452773613193 0.015 0.031484257871064465
3 0.66375 0.823088455772114 0.01625 0.049475262368815595
2 0.65375 0.7571214392803598 0.005 0.0074962518740629685
2 0.68 0.7541229385307346 0.00875 0.008995502248875561
3 0.23875 0.5232383808095952 0.02625 0.09745127436281859
2 0.19 0.6776611694152923 0.01375 0.010494752623688156