3 0.705 0.4460269865067466 0.02625 0.008995502248875561
3 0.62875 0.4505247376311844 0.0125 0.0074962518740629685
3 0.77625 0.4460269865067466 0.025 0.013493253373313344
3 0.613125 0.4287856071964018 0.00875 0.01649175412293853
3 0.620625 0.3403298350824588 0.0125 0.017991004497751123
3 0.6275 0.272863568215892 0.015 0.019490254872563718
3 0.634375 0.1664167916041979 0.01625 0.019490254872563718
3 0.5325 0.11394302848575712 0.02375 0.01649175412293853
3 0.4425 0.1191904047976012 0.01625 0.010494752623688156
2 0.240625 0.1934032983508246 0.005 0.005997001499250375
2 0.289375 0.1956521739130435 0.01125 0.008995502248875561
2 0.3025 0.08920539730134933 0.01375 0.01199400299850075
3 0.32 0.17616191904047976 0.01625 0.025487256371814093
2 0.188125 0.6649175412293853 0.00875 0.008995502248875561
3 0.210625 0.5862068965517241 0.01625 0.07196401799100449
3 0.28375 0.52023988005997 0.01625 0.020989505247376312
3 0.25625 0.8125937031484258 0.01625 0.019490254872563718
3 0.27 0.6821589205397302 0.02375 0.034482758620689655
3 0.3025 0.3448275862068966 0.02125 0.029985007496251874
2 0.2125 0.424287856071964 0.0125 0.008995502248875561
3 0.23125 0.37631184407796103 0.0125 0.031484257871064465
3 0.245 0.25262368815592207 0.015 0.043478260869565216
3 0.2675 0.08770614692653673 0.0175 0.037481259370314844
2 0.726875 0.25337331334332835 0.0175 0.020989505247376312
2 0.736875 0.1619190404797601 0.01875 0.017991004497751123
3 0.786875 0.07196401799100449 0.05375 0.05997001499250375
3 0.708125 0.047976011994003 0.0325 0.041979010494752625