3 0.7075 0.4497751124437781 0.0275 0.0074962518740629685
3 0.6325 0.4527736131934033 0.0125 0.0074962518740629685
3 0.77875 0.4497751124437781 0.02625 0.01199400299850075
3 0.61875 0.4302848575712144 0.00875 0.017991004497751123
3 0.6325 0.34182908545727136 0.0125 0.019490254872563718
3 0.645 0.27436281859070466 0.01625 0.020989505247376312
3 0.6625 0.1679160419790105 0.0175 0.020989505247376312
3 0.565 0.11394302848575712 0.025 0.01649175412293853
3 0.47625 0.11694152923538231 0.0175 0.010494752623688156
2 0.27 0.1889055472263868 0.00625 0.005997001499250375
2 0.3175 0.191904047976012 0.01125 0.008995502248875561
2 0.34 0.08545727136431784 0.01375 0.01199400299850075
3 0.35 0.1724137931034483 0.01625 0.026986506746626688
2 0.1775 0.6611694152923538 0.00875 0.008995502248875561
3 0.20625 0.5817091454272864 0.01375 0.07496251874062969
3 0.28375 0.5172413793103449 0.0175 0.022488755622188907
3 0.2325 0.8095952023988006 0.0175 0.020989505247376312
3 0.25625 0.679160419790105 0.0225 0.03298350824587706
3 0.3175 0.3403298350824588 0.02125 0.02848575712143928
2 0.22125 0.4197901049475262 0.0125 0.008995502248875561
3 0.24375 0.37181409295352325 0.01125 0.031484257871064465
3 0.26875 0.24887556221889057 0.01375 0.043478260869565216
3 0.305 0.08245877061469266 0.0175 0.037481259370314844
2 0.745 0.2563718140929535 0.01875 0.022488755622188907
2 0.7625 0.16491754122938532 0.02 0.019490254872563718
3 0.82125 0.07496251874062969 0.055 0.05997001499250375
3 0.745 0.050974512743628186 0.0325 0.04047976011994003