0 0.16625 0.08170914542728636 0.025 0.034482758620689655
2 0.15375 0.1664167916041979 0.0125 0.01649175412293853
2 0.141875 0.23238380809595202 0.01375 0.01649175412293853
2 0.155625 0.6776611694152923 0.03875 0.14992503748125938
0 0.18125 0.5209895052473763 0.02875 0.025487256371814093
0 0.564375 0.191904047976012 0.015 0.03298350824587706
2 0.56625 0.24737631184407796 0.01 0.013493253373313344
2 0.57 0.3238380809595202 0.01375 0.019490254872563718
2 0.585625 0.553223388305847 0.015 0.020989505247376312
2 0.595625 0.7023988005997002 0.01375 0.017991004497751123
2 0.49 0.09295352323838081 0.02375 0.0239880059970015
2 0.4925 0.15142428785607195 0.01875 0.020989505247376312
2 0.63875 0.13793103448275862 0.0175 0.017991004497751123
2 0.649375 0.07946026986506746 0.01875 0.019490254872563718
1 0.76125 0.39655172413793105 0.03 0.07496251874062969
0 0.34 0.15892053973013492 0.0225 0.0239880059970015
0 0.818125 0.5179910044977512 0.0225 0.031484257871064465
2 0.8125 0.48050974512743627 0.01375 0.017991004497751123
2 0.564375 0.10494752623688156 0.095 0.07646176911544228
2 0.140625 0.5562218890554723 0.0125 0.020989505247376312
3 0.721875 0.16041979010494753 0.0175 0.0239880059970015
3 0.73375 0.13268365817091454 0.0175 0.019490254872563718
3 0.745625 0.0952023988005997 0.015 0.026986506746626688
0 0.75875 0.14917541229385306 0.01125 0.022488755622188907
0 0.066875 0.8260869565217391 0.02625 0.034482758620689655