2 0.4625 0.27136431784107945 0.00875 0.010494752623688156
2 0.575 0.2938530734632684 0.01 0.013493253373313344
2 0.575625 0.3658170914542729 0.01125 0.01199400299850075
2 0.57625 0.5839580209895052 0.01875 0.019490254872563718
2 0.575 0.7263868065967016 0.015 0.019490254872563718
1 0.389375 0.20089955022488756 0.02875 0.0734632683658171
0 0.763125 0.20464767616191903 0.01875 0.026986506746626688
2 0.81875 0.18290854572713644 0.0125 0.014992503748125937
2 0.82875 0.2436281859070465 0.0125 0.014992503748125937
1 0.780625 0.2646176911544228 0.0675 0.05997001499250375
2 0.768125 0.2608695652173913 0.0075 0.01199400299850075
0 0.82125 0.5344827586206896 0.02 0.0239880059970015
0 0.8075 0.4122938530734633 0.0175 0.022488755622188907
2 0.794375 0.5179910044977512 0.01375 0.013493253373313344
2 0.794375 0.5434782608695652 0.00875 0.013493253373313344
2 0.264375 0.9655172413793104 0.07125 0.05847076461769116
0 0.80875 0.10644677661169415 0.02625 0.03298350824587706
1 0.356875 0.7458770614692654 0.0675 0.08395802098950525
2 0.385625 0.22638680659670166 0.00875 0.0074962518740629685
2 0.446875 0.20164917541229385 0.0075 0.0074962518740629685
1 0.65375 0.1634182908545727 0.04625 0.10044977511244378
1 0.714375 0.17316341829085458 0.05 0.09145427286356822
0 0.8975 0.7901049475262368 0.03125 0.034482758620689655