0 0.44125 0.30134932533733133 0.02375 0.034482758620689655
2 0.4025 0.3103448275862069 0.02125 0.019490254872563718
0 0.36375 0.3073463268365817 0.02375 0.031484257871064465
2 0.41375 0.3523238380809595 0.01 0.013493253373313344
0 0.4325 0.3793103448275862 0.02375 0.031484257871064465
2 0.15125 0.7736131934032984 0.01 0.014992503748125937
2 0.1125 0.7586206896551724 0.0075 0.014992503748125937
3 0.765 0.7181409295352323 0.0125 0.07946026986506746
3 0.81 0.7406296851574213 0.015 0.08245877061469266
3 0.495 0.3403298350824588 0.01 0.044977511244377814
3 0.685 0.32983508245877063 0.02 0.04047976011994003
3 0.195 0.4737631184407796 0.03625 0.10344827586206896
2 0.20125 0.46926536731634183 0.02875 0.025487256371814093
2 0.40875 0.25337331334332835 0.04 0.04047976011994003
3 0.18 0.7571214392803598 0.01125 0.017991004497751123
3 0.1075 0.8320839580209896 0.0225 0.05547226386806597
3 0.7675 0.7706146926536732 0.11 0.022488755622188907
2 0.39375 0.06446776611694154 0.06 0.0734632683658171
3 0.4725 0.25787106446776614 0.01625 0.034482758620689655
3 0.4775 0.20389805097451275 0.01375 0.031484257871064465
2 0.66625 0.8185907046476761 0.0275 0.026986506746626688
2 0.67125 0.9775112443778111 0.02625 0.031484257871064465
2 0.555 0.4482758620689655 0.055 0.05847076461769116
2 0.50375 0.36881559220389803 0.01125 0.008995502248875561
2 0.50875 0.2518740629685157 0.00875 0.008995502248875561
3 0.3675 0.7376311844077961 0.03125 0.013493253373313344
3 0.27375 0.7256371814092953 0.0275 0.020989505247376312
1 0.62375 0.4917541229385307 0.065 0.13943028485757122