0 0.034375 0.6776611694152923 0.04875 0.047976011994003
2 0.520625 0.48425787106446777 0.04 0.043478260869565216
3 0.455 0.6784107946026986 0.0325 0.15142428785607195
3 0.581875 0.6619190404797601 0.05625 0.13343328335832083
2 0.863125 0.7008995502248876 0.0175 0.019490254872563718
2 0.37375 0.16041979010494753 0.0075 0.008995502248875561
2 0.455 0.18515742128935533 0.00875 0.010494752623688156
2 0.45625 0.2136431784107946 0.00875 0.0074962518740629685
1 0.45 0.15667166416791603 0.045 0.15142428785607195
1 0.375625 0.12218890554722639 0.0375 0.09895052473763119
1 0.301875 0.20614692653673164 0.07125 0.053973013493253376
2 0.309375 0.20764617691154422 0.01625 0.013493253373313344
2 0.303125 0.2646176911544228 0.0125 0.008995502248875561
2 0.29 0.3058470764617691 0.0125 0.010494752623688156
2 0.193125 0.32533733133433285 0.01375 0.013493253373313344
2 0.181875 0.35007496251874065 0.01625 0.01199400299850075
0 0.2975 0.0704647676161919 0.02875 0.0239880059970015
0 0.155625 0.08995502248875563 0.0275 0.025487256371814093
0 0.185 0.4295352323838081 0.02625 0.029985007496251874
0 0.233125 0.31859070464767614 0.02625 0.031484257871064465
2 0.17875 0.5149925037481259 0.0175 0.0239880059970015
2 0.52375 0.30359820089955025 0.03125 0.026986506746626688
2 0.521875 0.11169415292353824 0.01875 0.01199400299850075
2 0.520625 0.06146926536731634 0.0125 0.0074962518740629685
2 0.905625 0.25112443778110943 0.025 0.019490254872563718
1 0.73625 0.22863568215892055 0.04875 0.0704647676161919
2 0.739375 0.2181409295352324 0.01375 0.010494752623688156
2 0.2725 0.13493253373313344 0.0075 0.008995502248875561
2 0.268125 0.14992503748125938 0.0125 0.01199400299850075
2 0.36625 0.8695652173913043 0.01625 0.008995502248875561