0 0.02875 0.6551724137931034 0.04625 0.049475262368815595
2 0.520625 0.48500749625187406 0.03875 0.046476761619190406
3 0.44625 0.676911544227886 0.03 0.15892053973013492
3 0.5725 0.6664167916041979 0.055 0.13943028485757122
2 0.849375 0.719640179910045 0.015 0.019490254872563718
2 0.3925 0.15217391304347827 0.0075 0.008995502248875561
2 0.471875 0.18140929535232383 0.00875 0.010494752623688156
2 0.4725 0.2098950524737631 0.00875 0.0074962518740629685
1 0.46875 0.15367316341829085 0.04125 0.15892053973013492
1 0.3975 0.11469265367316342 0.035 0.10494752623688156
1 0.31875 0.1956521739130435 0.06875 0.05547226386806597
2 0.32625 0.19715142428785606 0.015 0.01199400299850075
2 0.31875 0.25412293853073464 0.01125 0.008995502248875561
2 0.30125 0.2938530734632684 0.01125 0.010494752623688156
2 0.204375 0.3095952023988006 0.0125 0.01199400299850075
2 0.19125 0.3328335832083958 0.015 0.010494752623688156
0 0.321875 0.05922038980509745 0.02875 0.025487256371814093
0 0.18 0.0712143928035982 0.0275 0.026986506746626688
0 0.191875 0.4122938530734633 0.02625 0.031484257871064465
0 0.245 0.30359820089955025 0.02625 0.03298350824587706
2 0.181875 0.49775112443778113 0.01625 0.0239880059970015
2 0.534375 0.30359820089955025 0.03125 0.02848575712143928
2 0.5425 0.11169415292353824 0.01875 0.010494752623688156
2 0.54375 0.060719640179910044 0.01125 0.0074962518740629685
2 0.91625 0.27061469265367316 0.02375 0.020989505247376312
1 0.74875 0.2391304347826087 0.0475 0.07196401799100449
2 0.7525 0.22863568215892055 0.0125 0.008995502248875561
2 0.295 0.12218890554722639 0.0075 0.008995502248875561
2 0.288125 0.13718140929535233 0.01125 0.01199400299850075
2 0.345625 0.863568215892054 0.015 0.0074962518740629685