0 0.096875 0.050974512743628186 0.03 0.034482758620689655
2 0.098125 0.13418290854572715 0.015 0.017991004497751123
2 0.0975 0.19940029985007496 0.0175 0.017991004497751123
2 0.181875 0.6469265367316341 0.0475 0.14842578710644677
0 0.1825 0.49250374812593706 0.03375 0.026986506746626688
0 0.515625 0.19715142428785606 0.01875 0.03298350824587706
2 0.526875 0.25412293853073464 0.01125 0.01199400299850075
2 0.5425 0.32983508245877063 0.0175 0.020989505247376312
2 0.595 0.5614692653673163 0.01875 0.022488755622188907
2 0.628125 0.712143928035982 0.0175 0.019490254872563718
2 0.425625 0.09070464767616192 0.02875 0.025487256371814093
2 0.4375 0.15067466266866567 0.0225 0.022488755622188907
2 0.581875 0.15067466266866567 0.02125 0.019490254872563718
2 0.583125 0.09295352323838081 0.0225 0.020989505247376312
1 0.74625 0.4197901049475262 0.035 0.07496251874062969
0 0.284375 0.14392803598200898 0.02625 0.025487256371814093
0 0.823125 0.5464767616191905 0.02625 0.031484257871064465
2 0.81125 0.5097451274362819 0.0175 0.019490254872563718
2 0.501875 0.11019490254872563 0.10875 0.07946026986506746
2 0.14625 0.5232383808095952 0.015 0.022488755622188907
3 0.669375 0.18140929535232383 0.02125 0.025487256371814093
3 0.676875 0.15367316341829085 0.02125 0.020989505247376312
3 0.683125 0.11694152923538231 0.01875 0.02848575712143928
0 0.705625 0.17316341829085458 0.01375 0.022488755622188907
0 0.115625 0.7871064467766117 0.03125 0.034482758620689655