2 0.429375 0.2747005988023952 0.00875 0.010479041916167664
2 0.545 0.28817365269461076 0.01 0.01347305389221557
2 0.55625 0.3592814371257485 0.0125 0.011976047904191617
2 0.5875 0.5755988023952096 0.01875 0.017964071856287425
2 0.6075 0.717814371257485 0.015 0.017964071856287425
1 0.34625 0.21032934131736528 0.03 0.0718562874251497
0 0.71875 0.18637724550898205 0.02 0.025449101796407185
2 0.77 0.1601796407185629 0.01375 0.01347305389221557
2 0.789375 0.21931137724550898 0.01375 0.01347305389221557
1 0.745 0.2432634730538922 0.06875 0.05688622754491018
2 0.73125 0.2410179640718563 0.0075 0.011976047904191617
0 0.824375 0.5089820359281437 0.02125 0.023952095808383235
0 0.793125 0.3869760479041916 0.0175 0.020958083832335328
2 0.795 0.4940119760479042 0.015 0.011976047904191617
2 0.799375 0.5187125748502994 0.00875 0.01347305389221557
2 0.33375 0.9745508982035929 0.07375 0.04491017964071856
0 0.748125 0.08383233532934131 0.0275 0.03143712574850299
1 0.39375 0.7552395209580839 0.06875 0.08083832335329341
2 0.34625 0.23652694610778444 0.00875 0.0074850299401197605
2 0.40375 0.20658682634730538 0.0075 0.0074850299401197605
1 0.60375 0.1534431137724551 0.04625 0.09580838323353294
1 0.665 0.15793413173652696 0.05 0.08682634730538923
0 0.93625 0.7567365269461078 0.0325 0.03293413173652695