0 0.02875 0.6866566716641679 0.04625 0.047976011994003
2 0.52125 0.48425787106446777 0.03875 0.044977511244377814
3 0.4475 0.679160419790105 0.02625 0.1619190404797601
3 0.575 0.6611694152923538 0.05125 0.1409295352323838
2 0.8525 0.6956521739130435 0.01625 0.019490254872563718
2 0.39 0.1619190404797601 0.0075 0.008995502248875561
2 0.46875 0.18590704647676162 0.00875 0.01199400299850075
2 0.46875 0.2143928035982009 0.00875 0.0074962518740629685
1 0.465 0.15742128935532235 0.03875 0.1619190404797601
1 0.3925 0.12443778110944528 0.0325 0.10494752623688156
1 0.31625 0.2098950524737631 0.06875 0.053973013493253376
2 0.32375 0.2098950524737631 0.01625 0.013493253373313344
2 0.315 0.2683658170914543 0.0125 0.008995502248875561
2 0.29875 0.30884557721139433 0.0125 0.01199400299850075
2 0.2025 0.32983508245877063 0.01375 0.013493253373313344
2 0.19 0.3553223388305847 0.01625 0.01199400299850075
0 0.3175 0.0734632683658171 0.0275 0.0239880059970015
0 0.175 0.095952023988006 0.02625 0.025487256371814093
0 0.19 0.43478260869565216 0.025 0.031484257871064465
0 0.2425 0.32233883058470764 0.025 0.03298350824587706
2 0.18 0.52023988005997 0.01625 0.0239880059970015
2 0.5325 0.3028485757121439 0.03 0.026986506746626688
2 0.53875 0.11094452773613193 0.01875 0.01199400299850075
2 0.54 0.05997001499250375 0.0125 0.0074962518740629685
2 0.915 0.24437781109445278 0.02375 0.019490254872563718
2 0.6775 0.005997001499250375 0.01 0.01199400299850075
1 0.74625 0.22488755622188905 0.04625 0.0734632683658171
2 0.75 0.2128935532233883 0.01375 0.008995502248875561
2 0.29 0.13793103448275862 0.0075 0.008995502248875561
2 0.28375 0.15442278860569716 0.0125 0.013493253373313344
2 0.35 0.8725637181409296 0.01625 0.0074962518740629685