3 0.69625 0.4655688622754491 0.02625 0.0074850299401197605
3 0.62125 0.46107784431137727 0.0125 0.0074850299401197605
3 0.76875 0.47155688622754494 0.025 0.011976047904191617
3 0.6 0.43862275449101795 0.00875 0.016467065868263474
3 0.59 0.3502994011976048 0.0125 0.017964071856287425
3 0.58375 0.28293413173652693 0.015 0.019461077844311378
3 0.57125 0.17664670658682635 0.0175 0.019461077844311378
3 0.4575 0.11377245508982035 0.02375 0.014970059880239521
3 0.36875 0.11077844311377245 0.0175 0.010479041916167664
2 0.17875 0.1661676646706587 0.00625 0.005988023952095809
2 0.22875 0.17365269461077845 0.01125 0.008982035928143712
2 0.22125 0.06736526946107785 0.01375 0.011976047904191617
3 0.25625 0.15568862275449102 0.015 0.025449101796407185
2 0.2175 0.6362275449101796 0.00875 0.008982035928143712
3 0.225 0.5583832335329342 0.01375 0.0718562874251497
3 0.28625 0.49850299401197606 0.0175 0.020958083832335328
3 0.315 0.7904191616766467 0.0175 0.019461077844311378
3 0.3025 0.6601796407185628 0.0225 0.03293413173652695
3 0.27 0.32335329341317365 0.02125 0.02694610778443114
2 0.195 0.3967065868263473 0.0125 0.008982035928143712
3 0.20375 0.34880239520958084 0.01125 0.03143712574850299
3 0.19375 0.22604790419161677 0.01375 0.04341317365269461
3 0.185 0.061377245508982034 0.0175 0.0374251497005988
2 0.68125 0.27395209580838326 0.01875 0.020958083832335328
2 0.6725 0.18263473053892215 0.02 0.017964071856287425
3 0.70625 0.09580838323353294 0.05375 0.058383233532934134
3 0.6225 0.06437125748502993 0.0325 0.040419161676646706