0 0.02625 0.6416791604197901 0.0475 0.047976011994003
2 0.521875 0.48650674662668664 0.04 0.044977511244377814
3 0.4425 0.6754122938530734 0.03 0.15592203898050974
3 0.56875 0.6694152923538231 0.055 0.13493253373313344
2 0.844375 0.7301349325337332 0.01625 0.017991004497751123
2 0.4 0.14917541229385306 0.0075 0.008995502248875561
2 0.478125 0.18140929535232383 0.00875 0.010494752623688156
2 0.4775 0.2098950524737631 0.00875 0.0074962518740629685
1 0.47625 0.15217391304347827 0.0425 0.15592203898050974
1 0.40375 0.11169415292353824 0.03625 0.10194902548725637
1 0.325 0.1896551724137931 0.07 0.053973013493253376
2 0.3325 0.1911544227886057 0.01625 0.01199400299850075
2 0.3225 0.24812593703148425 0.0125 0.008995502248875561
2 0.30625 0.2893553223388306 0.0125 0.010494752623688156
2 0.208125 0.30059970014992504 0.01375 0.01199400299850075
2 0.195 0.32533733133433285 0.01625 0.010494752623688156
0 0.330625 0.05322338830584707 0.02875 0.0239880059970015
0 0.18875 0.06221889055472264 0.0275 0.025487256371814093
0 0.194375 0.4047976011994003 0.02625 0.031484257871064465
0 0.24875 0.29760119940029983 0.02625 0.03298350824587706
2 0.181875 0.49025487256371814 0.0175 0.022488755622188907
2 0.538125 0.30509745127436283 0.03125 0.026986506746626688
2 0.55 0.11169415292353824 0.01875 0.010494752623688156
2 0.55125 0.06221889055472264 0.0125 0.0074962518740629685
2 0.92 0.2826086956521739 0.02375 0.019490254872563718
2 0.69 0.018740629685157422 0.00875 0.010494752623688156
1 0.75375 0.24662668665667167 0.04875 0.0704647676161919
2 0.75625 0.23613193403298352 0.01375 0.008995502248875561
2 0.30125 0.11619190404797601 0.0075 0.008995502248875561
2 0.295625 0.13118440779610194 0.0125 0.01199400299850075
2 0.339375 0.8590704647676162 0.01625 0.0074962518740629685