2 0.21125 0.32158920539730135 0.025 0.026986506746626688
2 0.475 0.5742128935532234 0.02 0.017991004497751123
3 0.46 0.5869565217391305 0.035 0.07796101949025487
3 0.500625 0.6176911544227887 0.11625 0.026986506746626688
1 0.756875 0.2098950524737631 0.1375 0.22938530734632684
0 0.720625 0.2901049475262369 0.0325 0.026986506746626688
0 0.78375 0.2151424287856072 0.03875 0.026986506746626688
0 0.765625 0.12443778110944528 0.035 0.03298350824587706
0 0.710625 0.20914542728635682 0.02875 0.022488755622188907
2 0.746875 0.16941529235382308 0.01625 0.020989505247376312
2 0.7375 0.2368815592203898 0.01 0.01649175412293853
2 0.768125 0.19715142428785606 0.01 0.01649175412293853
2 0.756875 0.25787106446776614 0.01375 0.0239880059970015
2 0.876875 0.25337331334332835 0.01 0.01199400299850075
1 0.38875 0.08620689655172414 0.0275 0.07496251874062969
1 0.6025 0.06971514242878561 0.05125 0.13043478260869565
2 0.594375 0.09970014992503748 0.00875 0.008995502248875561
2 0.39 0.07796101949025487 0.01125 0.008995502248875561
3 0.614375 0.019490254872563718 0.0275 0.013493253373313344
2 0.583125 0.12518740629685157 0.00875 0.010494752623688156
2 0.651875 0.3553223388305847 0.01 0.010494752623688156
2 0.633125 0.12893553223388307 0.00375 0.005997001499250375
3 0.616875 0.11094452773613193 0.015 0.031484257871064465
3 0.65875 0.8275862068965517 0.0175 0.049475262368815595
2 0.65 0.7623688155922039 0.005 0.0074962518740629685
2 0.67625 0.7586206896551724 0.00875 0.008995502248875561
3 0.24 0.5179910044977512 0.0275 0.09745127436281859
2 0.1875 0.671664167916042 0.01375 0.010494752623688156