3 0.69875 0.4625187406296852 0.02375 0.008995502248875561
3 0.62375 0.45952023988005997 0.01125 0.0074962518740629685
3 0.77125 0.46851574212893554 0.0225 0.013493253373313344
3 0.605625 0.43778110944527737 0.0075 0.017991004497751123
3 0.603125 0.3493253373313343 0.01125 0.019490254872563718
3 0.6025 0.2818590704647676 0.01375 0.020989505247376312
3 0.598125 0.17541229385307347 0.015 0.020989505247376312
3 0.48875 0.11394302848575712 0.02125 0.017991004497751123
3 0.4 0.11169415292353824 0.015 0.010494752623688156
2 0.205625 0.17091454272863568 0.005 0.005997001499250375
2 0.254375 0.17616191904047976 0.01 0.008995502248875561
2 0.25625 0.0712143928035982 0.0125 0.01199400299850075
3 0.28375 0.15967016491754124 0.015 0.026986506746626688
2 0.205625 0.6409295352323838 0.0075 0.008995502248875561
3 0.219375 0.5637181409295352 0.015 0.07496251874062969
3 0.285 0.5022488755622189 0.015 0.022488755622188907
3 0.29125 0.7946026986506747 0.015 0.020989505247376312
3 0.29 0.664167916041979 0.02125 0.034482758620689655
3 0.285 0.3268365817091454 0.02 0.029985007496251874
2 0.20375 0.4017991004497751 0.01125 0.008995502248875561
3 0.21625 0.3538230884557721 0.01125 0.031484257871064465
3 0.21625 0.23013493253373313 0.01375 0.043478260869565216
3 0.22125 0.06521739130434782 0.01625 0.037481259370314844
2 0.699375 0.2698650674662669 0.01625 0.022488755622188907
2 0.699375 0.17841079460269865 0.0175 0.019490254872563718
3 0.740625 0.09145427286356822 0.05 0.06146926536731634
3 0.658125 0.06146926536731634 0.03 0.041979010494752625