0 0.4525 0.30059970014992504 0.025 0.034482758620689655
2 0.411875 0.30884557721139433 0.0225 0.019490254872563718
0 0.373125 0.30434782608695654 0.025 0.031484257871064465
2 0.4225 0.35007496251874065 0.01125 0.013493253373313344
0 0.438125 0.3770614692653673 0.025 0.031484257871064465
2 0.133125 0.7608695652173914 0.01125 0.014992503748125937
2 0.095625 0.7458770614692654 0.00875 0.013493253373313344
3 0.753125 0.7241379310344828 0.01625 0.07646176911544228
3 0.798125 0.7488755622188905 0.02125 0.07946026986506746
3 0.504375 0.3410794602698651 0.0125 0.043478260869565216
3 0.695 0.3373313343328336 0.0225 0.04047976011994003
3 0.194375 0.46476761619190404 0.04125 0.10194902548725637
2 0.20125 0.46101949025487254 0.03 0.025487256371814093
2 0.423125 0.2518740629685157 0.0425 0.041979010494752625
3 0.164375 0.7466266866566716 0.0125 0.017991004497751123
3 0.08625 0.8178410794602698 0.025 0.053973013493253376
3 0.75375 0.7766116941529235 0.11125 0.031484257871064465
2 0.41875 0.06371814092953523 0.06375 0.0734632683658171
3 0.48625 0.25862068965517243 0.01875 0.034482758620689655
3 0.494375 0.20539730134932535 0.015 0.031484257871064465
2 0.648125 0.8215892053973014 0.02875 0.026986506746626688
2 0.64375 0.9805097451274363 0.0275 0.031484257871064465
2 0.558125 0.4505247376311844 0.0575 0.05997001499250375
2 0.51125 0.3695652173913043 0.01125 0.010494752623688156
2 0.523125 0.25412293853073464 0.00875 0.008995502248875561
3 0.353125 0.732383808095952 0.03125 0.014992503748125937
3 0.26 0.7188905547226386 0.02875 0.020989505247376312
1 0.625625 0.4947526236881559 0.0725 0.136431784107946