2 0.3675 0.6476761619190404 0.05125 0.06296851574212893
2 0.515 0.679160419790105 0.03125 0.03298350824587706
0 0.933125 0.6551724137931034 0.0575 0.050974512743628186
2 0.190625 0.7968515742128935 0.19875 0.08245877061469266
0 0.04375 0.5704647676161919 0.0675 0.0944527736131934
2 0.38 0.48500749625187406 0.03375 0.035982008995502246
2 0.393125 0.2901049475262369 0.02625 0.0239880059970015
0 0.673125 0.05247376311844078 0.03125 0.022488755622188907
2 0.409375 0.10794602698650675 0.02375 0.017991004497751123
2 0.41125 0.050974512743628186 0.01375 0.01199400299850075
2 0.479375 0.044977511244377814 0.02 0.010494752623688156
2 0.364375 0.03973013493253373 0.025 0.013493253373313344
2 0.344375 0.09145427286356822 0.0225 0.0239880059970015
2 0.36125 0.1656671664167916 0.02 0.0239880059970015
2 0.5075 0.164167916041979 0.0225 0.0239880059970015
2 0.505 0.08770614692653673 0.01875 0.019490254872563718
2 0.336875 0.17691154422788605 0.01 0.010494752623688156
3 0.254375 0.11244377811094453 0.0175 0.02848575712143928
3 0.265 0.16041979010494753 0.01375 0.02848575712143928
3 0.274375 0.19640179910044978 0.01375 0.02848575712143928
1 0.189375 0.2698650674662669 0.05875 0.12743628185907047
2 0.19375 0.47301349325337333 0.01125 0.019490254872563718
0 0.2275 0.03823088455772114 0.02375 0.0239880059970015
2 0.43375 0.8493253373313343 0.01875 0.01649175412293853
2 0.79375 0.8755622188905547 0.0175 0.019490254872563718
2 0.9425 0.527736131934033 0.01875 0.022488755622188907
0 0.189375 0.5149925037481259 0.02875 0.037481259370314844