0 0.465625 0.3110944527736132 0.02625 0.034482758620689655
2 0.423125 0.3268365817091454 0.02375 0.019490254872563718
0 0.385 0.32908545727136435 0.02625 0.031484257871064465
2 0.43 0.36656671664167917 0.01125 0.01199400299850075
0 0.44625 0.38980509745127434 0.02625 0.031484257871064465
2 0.11125 0.8335832083958021 0.01125 0.013493253373313344
2 0.073125 0.8253373313343328 0.00875 0.013493253373313344
3 0.741875 0.6731634182908546 0.01875 0.07496251874062969
3 0.78625 0.6881559220389805 0.02125 0.07946026986506746
3 0.515625 0.3403298350824588 0.0125 0.043478260869565216
3 0.708125 0.2983508245877061 0.0225 0.04047976011994003
3 0.193125 0.5247376311844077 0.04375 0.10044977511244378
2 0.2 0.5194902548725637 0.0325 0.025487256371814093
2 0.436875 0.26761619190404795 0.045 0.041979010494752625
3 0.143125 0.8133433283358321 0.01375 0.01649175412293853
3 0.06 0.9002998500749625 0.02625 0.053973013493253376
3 0.739375 0.7256371814092953 0.12125 0.026986506746626688
2 0.44625 0.08095952023988005 0.0675 0.07196401799100449
3 0.501875 0.2623688155922039 0.02 0.034482758620689655
3 0.513125 0.20614692653673164 0.0175 0.031484257871064465
2 0.629375 0.7916041979010495 0.03125 0.026986506746626688
2 0.615 0.9505247376311844 0.03 0.031484257871064465
2 0.5625 0.43853073463268366 0.0625 0.05847076461769116
2 0.520625 0.36881559220389803 0.0125 0.008995502248875561
2 0.539375 0.24962518740629686 0.01 0.008995502248875561
3 0.33625 0.7608695652173914 0.03375 0.013493253373313344
3 0.2425 0.7653673163418291 0.03125 0.020989505247376312
1 0.6275 0.4707646176911544 0.07625 0.13493253373313344