0 0.175 0.05472263868065967 0.025 0.031484257871064465
2 0.16 0.13943028485757122 0.0125 0.014992503748125937
2 0.146875 0.20389805097451275 0.01375 0.014992503748125937
2 0.153125 0.6506746626686657 0.04 0.13943028485757122
0 0.18125 0.4955022488755622 0.02875 0.0239880059970015
0 0.569375 0.19640179910044978 0.015 0.029985007496251874
2 0.57125 0.25337331334332835 0.01 0.01199400299850075
2 0.57375 0.32983508245877063 0.01375 0.017991004497751123
2 0.584375 0.56071964017991 0.015 0.019490254872563718
2 0.591875 0.7098950524737632 0.01375 0.01649175412293853
2 0.4975 0.09145427286356822 0.02375 0.022488755622188907
2 0.49875 0.15142428785607195 0.01875 0.019490254872563718
2 0.645 0.14842578710644677 0.0175 0.01649175412293853
2 0.656875 0.09145427286356822 0.01875 0.017991004497751123
1 0.7625 0.41754122938530736 0.03 0.06896551724137931
0 0.34625 0.1454272863568216 0.0225 0.022488755622188907
0 0.816875 0.5434782608695652 0.0225 0.02848575712143928
2 0.8125 0.5059970014992504 0.01375 0.01649175412293853
2 0.571875 0.10944527736131934 0.09625 0.0704647676161919
2 0.140625 0.527736131934033 0.0125 0.019490254872563718
3 0.728125 0.17841079460269865 0.0175 0.022488755622188907
3 0.74 0.15067466266866567 0.0175 0.017991004497751123
3 0.753125 0.11469265367316342 0.015 0.025487256371814093
0 0.765 0.1701649175412294 0.01125 0.020989505247376312
0 0.061875 0.7916041979010495 0.02625 0.031484257871064465