2 0.34125 0.6671664167916042 0.0525 0.06446776611694154
2 0.485 0.679160419790105 0.03125 0.034482758620689655
0 0.910625 0.5982008995502249 0.05875 0.05247376311844078
2 0.138125 0.8418290854572713 0.2025 0.08395802098950525
0 0.03125 0.6326836581709145 0.0625 0.09895052473763119
2 0.3825 0.5 0.03375 0.037481259370314844
2 0.426875 0.3020989505247376 0.0275 0.0239880059970015
0 0.749375 0.025487256371814093 0.03125 0.022488755622188907
2 0.474375 0.11544227886056972 0.025 0.017991004497751123
2 0.485 0.05847076461769116 0.01375 0.013493253373313344
2 0.555625 0.043478260869565216 0.02 0.01199400299850075
2 0.440625 0.05322338830584707 0.02625 0.014992503748125937
2 0.411875 0.10794602698650675 0.02375 0.0239880059970015
2 0.415 0.18065967016491755 0.02 0.0239880059970015
2 0.56375 0.15967016491754124 0.02375 0.0239880059970015
2 0.575 0.08320839580209895 0.01875 0.019490254872563718
2 0.389375 0.19490254872563717 0.01 0.01199400299850075
3 0.316875 0.1424287856071964 0.0175 0.02848575712143928
3 0.32 0.1874062968515742 0.01375 0.02848575712143928
3 0.323125 0.22338830584707647 0.01375 0.02848575712143928
1 0.225625 0.30884557721139433 0.06 0.13043478260869565
2 0.19625 0.5134932533733133 0.01125 0.019490254872563718
0 0.3025 0.06971514242878561 0.025 0.0239880059970015
2 0.375 0.861319340329835 0.01875 0.01649175412293853
2 0.73375 0.8395802098950524 0.0175 0.019490254872563718
2 0.9425 0.46776611694152925 0.01875 0.022488755622188907
0 0.184375 0.5569715142428786 0.02875 0.038980509745127435