2 0.455625 0.2766116941529235 0.00875 0.01199400299850075
2 0.569375 0.28785607196401797 0.01 0.014992503748125937
2 0.571875 0.3583208395802099 0.01125 0.013493253373313344
2 0.57875 0.5757121439280359 0.0175 0.019490254872563718
2 0.581875 0.7166416791604198 0.01375 0.019490254872563718
1 0.380625 0.2128935532233883 0.0275 0.07646176911544228
0 0.754375 0.18215892053973012 0.0175 0.026986506746626688
2 0.81 0.15442278860569716 0.0125 0.014992503748125937
2 0.82125 0.2136431784107946 0.0125 0.014992503748125937
1 0.775 0.2391304347826087 0.06625 0.05997001499250375
2 0.7625 0.23613193403298352 0.0075 0.013493253373313344
0 0.823125 0.5044977511244377 0.01875 0.0239880059970015
0 0.805 0.3823088455772114 0.01625 0.022488755622188907
2 0.795 0.48875562218890556 0.01375 0.013493253373313344
2 0.795625 0.5142428785607196 0.00875 0.014992503748125937
2 0.278125 0.9767616191904048 0.07125 0.043478260869565216
0 0.796875 0.07946026986506746 0.025 0.03298350824587706
1 0.36375 0.7586206896551724 0.065 0.08545727136431784
2 0.3775 0.2383808095952024 0.00875 0.0074962518740629685
2 0.438125 0.20839580209895053 0.0075 0.0074962518740629685
1 0.64375 0.15142428785607195 0.04375 0.10344827586206896
1 0.705 0.15367316341829085 0.0475 0.0944527736131934
0 0.905625 0.7511244377811095 0.03 0.034482758620689655