2 0.69875 0.8305847076461769 0.0475 0.05847076461769116
2 0.3025 0.8200899550224887 0.01375 0.01649175412293853
2 0.265 0.6296851574212894 0.01 0.01199400299850075
2 0.185 0.239880059970015 0.01 0.01199400299850075
2 0.1375 0.25037481259370314 0.03125 0.026986506746626688
2 0.031875 0.2818590704647676 0.0475 0.053973013493253376
1 0.1125 0.4482758620689655 0.05375 0.04047976011994003
1 0.025625 0.5929535232383808 0.05125 0.10944527736131934
2 0.0225 0.6191904047976012 0.015 0.01649175412293853
2 0.2525 0.7796101949025487 0.01 0.01199400299850075
0 0.28125 0.5217391304347826 0.025 0.019490254872563718
0 0.285 0.44677661169415295 0.02375 0.020989505247376312
0 0.27125 0.3988005997001499 0.02 0.0239880059970015
1 0.3425 0.1679160419790105 0.04625 0.08545727136431784
2 0.33625 0.1424287856071964 0.00625 0.005997001499250375
2 0.90375 0.1934032983508246 0.01 0.010494752623688156
0 0.885 0.13043478260869565 0.01875 0.025487256371814093
1 0.86875 0.26686656671664166 0.06375 0.08245877061469266
0 0.8425 0.20839580209895053 0.02 0.020989505247376312
2 0.69875 0.3103448275862069 0.01 0.010494752623688156
2 0.70875 0.37031484257871067 0.01 0.01199400299850075
0 0.92125 0.3568215892053973 0.01375 0.019490254872563718
0 0.90125 0.3793103448275862 0.01875 0.019490254872563718
0 0.9225 0.4737631184407796 0.01375 0.01649175412293853
0 0.945 0.4527736131934033 0.01875 0.0239880059970015
2 0.8975 0.4662668665667166 0.0075 0.0074962518740629685
2 0.905 0.487256371814093 0.00875 0.01199400299850075
1 0.9675 0.5652173913043478 0.05125 0.10044977511244378
2 0.585 0.3058470764617691 0.00375 0.005997001499250375
2 0.7375 0.545727136431784 0.01 0.01649175412293853
2 0.75375 0.6581709145427287 0.01 0.013493253373313344