2 0.69125 0.8260869565217391 0.05125 0.05997001499250375
2 0.294375 0.8223388305847077 0.015 0.01649175412293853
2 0.261875 0.6341829085457271 0.01125 0.01199400299850075
2 0.19125 0.24662668665667167 0.01125 0.01199400299850075
2 0.14375 0.25787106446776614 0.0325 0.026986506746626688
2 0.039375 0.29235382308845576 0.0475 0.05697151424287856
1 0.11375 0.45652173913043476 0.055 0.041979010494752625
1 0.025625 0.6026986506746627 0.05125 0.11094452773613193
2 0.02 0.6289355322338831 0.01625 0.01649175412293853
2 0.24625 0.7848575712143928 0.01125 0.01199400299850075
0 0.28 0.5262368815592204 0.025 0.019490254872563718
0 0.286875 0.4512743628185907 0.02375 0.020989505247376312
0 0.273125 0.404047976011994 0.02 0.0239880059970015
1 0.35 0.17166416791604197 0.05 0.08695652173913043
2 0.345 0.14617691154422788 0.00625 0.005997001499250375
2 0.910625 0.18515742128935533 0.01125 0.010494752623688156
0 0.89375 0.12293853073463268 0.01875 0.025487256371814093
1 0.874375 0.2593703148425787 0.0675 0.08395802098950525
0 0.85 0.20164917541229385 0.02 0.020989505247376312
2 0.70375 0.3065967016491754 0.01125 0.010494752623688156
2 0.710625 0.3658170914542729 0.01125 0.01199400299850075
0 0.924375 0.34782608695652173 0.015 0.019490254872563718
0 0.90375 0.37106446776611696 0.01875 0.019490254872563718
0 0.92375 0.46476761619190404 0.015 0.01649175412293853
0 0.945625 0.44377811094452774 0.01875 0.0239880059970015
2 0.89875 0.4580209895052474 0.0075 0.0074962518740629685
2 0.905 0.4790104947526237 0.01 0.01199400299850075
1 0.96625 0.5554722638680659 0.055 0.10194902548725637
2 0.58875 0.30434782608695654 0.00375 0.005997001499250375
2 0.736875 0.54047976011994 0.01125 0.01649175412293853
2 0.75 0.6529235382308846 0.01125 0.013493253373313344