3 0.7025 0.4723053892215569 0.02375 0.008982035928143712
3 0.628125 0.4663173652694611 0.01125 0.0074850299401197605
3 0.775 0.4812874251497006 0.0225 0.01347305389221557
3 0.61125 0.44236526946107785 0.00875 0.016467065868263474
3 0.61625 0.35404191616766467 0.0125 0.017964071856287425
3 0.621875 0.2874251497005988 0.015 0.020958083832335328
3 0.628125 0.18113772455089822 0.01625 0.020958083832335328
3 0.524375 0.11452095808383234 0.0225 0.016467065868263474
3 0.435625 0.10778443113772455 0.015 0.011976047904191617
2 0.235625 0.156437125748503 0.005 0.005988023952095809
2 0.284375 0.16541916167664672 0.01 0.008982035928143712
2 0.295 0.059880239520958084 0.0125 0.01347305389221557
3 0.315 0.1497005988023952 0.015 0.02694610778443114
2 0.193125 0.625 0.0075 0.008982035928143712
3 0.21375 0.5479041916167665 0.015 0.07035928143712575
3 0.285 0.49101796407185627 0.01625 0.02245508982035928
3 0.26375 0.782185628742515 0.01625 0.020958083832335328
3 0.274375 0.6519461077844312 0.02125 0.03293413173652695
3 0.3 0.3166167664670659 0.02 0.02844311377245509
2 0.211875 0.38622754491017963 0.01125 0.008982035928143712
3 0.229375 0.33907185628742514 0.01125 0.029940119760479042
3 0.240625 0.21706586826347304 0.01375 0.041916167664670656
3 0.260625 0.0531437125748503 0.01625 0.0374251497005988
2 0.72125 0.281437125748503 0.0175 0.02245508982035928
2 0.72875 0.19086826347305388 0.01875 0.019461077844311378
3 0.7775 0.10553892215568862 0.05 0.059880239520958084
3 0.69875 0.0718562874251497 0.03 0.040419161676646706