2 0.175 0.27961019490254874 0.02375 0.026986506746626688
2 0.4875 0.5712143928035982 0.01875 0.017991004497751123
3 0.47625 0.5824587706146926 0.03375 0.07946026986506746
3 0.521875 0.6191904047976012 0.1125 0.026986506746626688
1 0.705625 0.239880059970015 0.1325 0.2353823088455772
0 0.683125 0.31709145427286356 0.03125 0.026986506746626688
0 0.73375 0.24962518740629686 0.0375 0.026986506746626688
0 0.698125 0.15442278860569716 0.03375 0.034482758620689655
0 0.658125 0.2331334332833583 0.02875 0.022488755622188907
2 0.688125 0.19790104947526238 0.01625 0.020989505247376312
2 0.69125 0.2638680659670165 0.01 0.01649175412293853
2 0.714375 0.22863568215892055 0.01 0.01649175412293853
2 0.714375 0.28785607196401797 0.01375 0.0239880059970015
2 0.835625 0.30134932533733133 0.01 0.013493253373313344
1 0.31 0.06521739130434782 0.02625 0.07646176911544228
1 0.52375 0.07721139430284858 0.05 0.13493253373313344
2 0.520625 0.10719640179910045 0.0075 0.008995502248875561
2 0.31 0.05697151424287856 0.01125 0.008995502248875561
3 0.526875 0.026986506746626688 0.02625 0.014992503748125937
2 0.514375 0.12968515742128936 0.0075 0.01199400299850075
2 0.626875 0.3733133433283358 0.01 0.01199400299850075
2 0.564375 0.1409295352323838 0.00375 0.005997001499250375
3 0.545625 0.12143928035982009 0.015 0.03298350824587706
3 0.72125 0.8530734632683659 0.0175 0.049475262368815595
2 0.7 0.7863568215892054 0.005 0.0074962518740629685
2 0.72625 0.7856071964017991 0.0075 0.008995502248875561
3 0.24 0.4835082458770615 0.02625 0.10044977511244378
2 0.21625 0.6326836581709145 0.01375 0.01199400299850075