0 0.423125 0.30359820089955025 0.02625 0.03298350824587706
2 0.38375 0.31259370314842577 0.0225 0.017991004497751123
0 0.345 0.3118440779610195 0.02625 0.029985007496251874
2 0.399375 0.3553223388305847 0.01125 0.01199400299850075
0 0.420625 0.3808095952023988 0.02625 0.029985007496251874
2 0.179375 0.7856071964017991 0.01125 0.013493253373313344
2 0.138125 0.7713643178410795 0.00875 0.013493253373313344
3 0.784375 0.7098950524737632 0.01625 0.07496251874062969
3 0.831875 0.7301349325337332 0.01875 0.07796101949025487
3 0.48 0.3403298350824588 0.01125 0.043478260869565216
3 0.66625 0.3230884557721139 0.02125 0.038980509745127435
3 0.19375 0.4835082458770615 0.04125 0.09895052473763119
2 0.19875 0.47976011994003 0.03125 0.0239880059970015
2 0.385 0.2563718140929535 0.045 0.04047976011994003
3 0.206875 0.7683658170914542 0.0125 0.01649175412293853
3 0.14125 0.8463268365817092 0.02625 0.05247376311844078
3 0.7925 0.7623688155922039 0.1225 0.022488755622188907
2 0.3525 0.06896551724137931 0.0675 0.0704647676161919
3 0.44875 0.2593703148425787 0.01875 0.03298350824587706
3 0.449375 0.20539730134932535 0.01625 0.029985007496251874
2 0.696875 0.8140929535232384 0.03 0.025487256371814093
2 0.716875 0.9730134932533733 0.02875 0.029985007496251874
2 0.550625 0.44677661169415295 0.06125 0.05697151424287856
2 0.490625 0.36881559220389803 0.0125 0.008995502248875561
2 0.48375 0.25112443778110943 0.01 0.008995502248875561
3 0.39125 0.7421289355322339 0.035 0.01199400299850075
3 0.29625 0.7338830584707646 0.03 0.019490254872563718
1 0.6225 0.48650674662668664 0.07375 0.13343328335832083