2 0.451875 0.280359820089955 0.01 0.010494752623688156
2 0.56625 0.28335832083958024 0.0125 0.01649175412293853
2 0.569375 0.3545727136431784 0.01375 0.013493253373313344
2 0.580625 0.5689655172413793 0.02 0.020989505247376312
2 0.585 0.7083958020989505 0.01625 0.020989505247376312
1 0.375625 0.22413793103448276 0.0325 0.07646176911544228
0 0.750625 0.16491754122938532 0.02 0.02848575712143928
2 0.805 0.13343328335832083 0.015 0.01649175412293853
2 0.8175 0.1904047976011994 0.015 0.01649175412293853
1 0.77125 0.21964017991004497 0.07125 0.06146926536731634
2 0.75875 0.21889055472263869 0.01 0.01199400299850075
0 0.824375 0.4782608695652174 0.02125 0.025487256371814093
0 0.805 0.35907046476761617 0.01875 0.0239880059970015
2 0.795625 0.46701649175412296 0.01625 0.013493253373313344
2 0.79875 0.4910044977511244 0.01125 0.013493253373313344
2 0.2875 0.9827586206896551 0.0775 0.031484257871064465
0 0.790625 0.05997001499250375 0.02875 0.03298350824587706
1 0.36875 0.7668665667166417 0.0725 0.08695652173913043
2 0.371875 0.25037481259370314 0.01 0.0074962518740629685
2 0.433125 0.2151424287856072 0.0075 0.0074962518740629685
1 0.63875 0.1424287856071964 0.05 0.10194902548725637
1 0.7 0.14167916041979012 0.05375 0.09295352323838081
0 0.9125 0.717391304347826 0.03375 0.035982008995502246