0 0.050625 0.6437125748502994 0.0475 0.04940119760479042
2 0.518125 0.48577844311377244 0.04 0.04640718562874251
3 0.4725 0.6751497005988024 0.03 0.15868263473053892
3 0.5975 0.6669161676646707 0.055 0.13922155688622753
2 0.8825 0.7267964071856288 0.01625 0.019461077844311378
2 0.34125 0.1497005988023952 0.0075 0.008982035928143712
2 0.424375 0.18038922155688622 0.00875 0.010479041916167664
2 0.428125 0.2088323353293413 0.00875 0.0074850299401197605
1 0.4175 0.15194610778443113 0.0425 0.15868263473053892
1 0.33875 0.1122754491017964 0.03625 0.10479041916167664
1 0.27375 0.19086826347305388 0.07 0.05538922155688623
2 0.28125 0.19236526946107785 0.01625 0.011976047904191617
2 0.280625 0.24925149700598803 0.0125 0.008982035928143712
2 0.270625 0.28892215568862273 0.0125 0.010479041916167664
2 0.175625 0.30164670658682635 0.01375 0.011976047904191617
2 0.16625 0.3248502994011976 0.01625 0.010479041916167664
0 0.25625 0.05389221556886228 0.02875 0.025449101796407185
0 0.115 0.06287425149700598 0.0275 0.02694610778443114
0 0.17875 0.405688622754491 0.02625 0.03143712574850299
0 0.215625 0.2971556886227545 0.02625 0.03293413173652695
2 0.18 0.49101796407185627 0.0175 0.023952095808383235
2 0.504375 0.3046407185628742 0.03125 0.02844311377245509
2 0.485 0.11152694610778444 0.01875 0.010479041916167664
2 0.4775 0.061377245508982034 0.0125 0.0074850299401197605
2 0.881875 0.27994011976047906 0.02375 0.020958083832335328
2 0.608125 0.017964071856287425 0.00875 0.010479041916167664
1 0.71 0.24476047904191617 0.04875 0.0718562874251497
2 0.711875 0.2342814371257485 0.01375 0.008982035928143712
2 0.238125 0.11601796407185629 0.0075 0.008982035928143712
2 0.233125 0.1309880239520958 0.0125 0.011976047904191617
2 0.400625 0.8600299401197605 0.01625 0.0074850299401197605