0 0.435625 0.30164670658682635 0.02625 0.0344311377245509
2 0.396875 0.3106287425149701 0.02125 0.019461077844311378
0 0.358125 0.3091317365269461 0.02625 0.03143712574850299
2 0.409375 0.3532934131736527 0.01125 0.011976047904191617
0 0.428125 0.37949101796407186 0.02625 0.03143712574850299
2 0.1575 0.7754491017964071 0.01125 0.01347305389221557
2 0.118125 0.7612275449101796 0.00875 0.01347305389221557
3 0.770625 0.7125748502994012 0.01625 0.0748502994011976
3 0.8175 0.7357784431137725 0.01875 0.07784431137724551
3 0.490625 0.3398203592814371 0.0125 0.04341317365269461
3 0.68 0.32709580838323354 0.02125 0.040419161676646706
3 0.19375 0.47679640718562877 0.04125 0.10029940119760479
2 0.200625 0.4723053892215569 0.03125 0.025449101796407185
2 0.401875 0.25449101796407186 0.04375 0.040419161676646706
3 0.186875 0.7597305389221557 0.0125 0.016467065868263474
3 0.115625 0.8360778443113772 0.025 0.05389221556886228
3 0.775 0.7649700598802395 0.11625 0.025449101796407185
2 0.3825 0.06661676646706587 0.065 0.0718562874251497
3 0.465625 0.25823353293413176 0.01875 0.03293413173652695
3 0.47 0.20508982035928144 0.01625 0.029940119760479042
2 0.675 0.8158682634730539 0.03 0.02694610778443114
2 0.68375 0.9730538922155688 0.02875 0.03143712574850299
2 0.554375 0.4468562874251497 0.05875 0.05688622754491018
2 0.5 0.3690119760479042 0.0125 0.008982035928143712
2 0.5025 0.25074850299401197 0.01 0.008982035928143712
3 0.374375 0.7380239520958084 0.0325 0.01347305389221557
3 0.279375 0.7282934131736527 0.02875 0.020958083832335328
1 0.624375 0.48877245508982037 0.0725 0.1347305389221557