2 0.343125 0.6491754122938531 0.05125 0.06146926536731634
2 0.485625 0.679160419790105 0.03125 0.03298350824587706
0 0.91 0.6499250374812594 0.0575 0.049475262368815595
2 0.14125 0.800599700149925 0.19625 0.08545727136431784
0 0.0325 0.5757121439280359 0.065 0.09295352323838081
2 0.383125 0.48575712143928035 0.03375 0.035982008995502246
2 0.425 0.2908545727136432 0.0275 0.0239880059970015
0 0.745 0.050974512743628186 0.03125 0.022488755622188907
0 0.891875 0.0704647676161919 0.025 0.026986506746626688
2 0.470625 0.10869565217391304 0.025 0.017991004497751123
2 0.481875 0.05247376311844078 0.01375 0.013493253373313344
2 0.55125 0.04572713643178411 0.02 0.01199400299850075
2 0.43625 0.041979010494752625 0.025 0.014992503748125937
2 0.40875 0.09295352323838081 0.02375 0.0239880059970015
2 0.413125 0.1671664167916042 0.02125 0.0239880059970015
2 0.56125 0.164167916041979 0.02375 0.0239880059970015
2 0.570625 0.08770614692653673 0.02 0.019490254872563718
2 0.3875 0.17916041979010494 0.00875 0.010494752623688156
3 0.31375 0.11544227886056972 0.01875 0.02848575712143928
3 0.318125 0.16266866566716642 0.015 0.026986506746626688
3 0.320625 0.19865067466266867 0.015 0.026986506746626688
1 0.224375 0.27211394302848574 0.0625 0.12293853073463268
2 0.196875 0.4767616191904048 0.0125 0.017991004497751123
0 0.3 0.04047976011994003 0.025 0.0239880059970015
2 0.376875 0.8500749625187406 0.02 0.01649175412293853
2 0.736875 0.8710644677661169 0.01875 0.019490254872563718
2 0.940625 0.5224887556221889 0.02 0.022488755622188907
0 0.185 0.5187406296851574 0.02875 0.037481259370314844