3 0.705 0.46701649175412296 0.02625 0.008995502248875561
3 0.630625 0.46401799100449775 0.0125 0.0074962518740629685
3 0.77625 0.4745127436281859 0.025 0.013493253373313344
3 0.61625 0.44002998500749624 0.01 0.01649175412293853
3 0.63 0.35157421289355323 0.01375 0.017991004497751123
3 0.641875 0.2848575712143928 0.01625 0.020989505247376312
3 0.658125 0.17841079460269865 0.0175 0.020989505247376312
3 0.560625 0.11469265367316342 0.025 0.01649175412293853
3 0.471875 0.10944527736131934 0.01625 0.01199400299850075
2 0.266875 0.164167916041979 0.005 0.005997001499250375
2 0.315625 0.17166416791604197 0.01125 0.008995502248875561
2 0.33625 0.06596701649175413 0.01375 0.013493253373313344
3 0.3475 0.15442278860569716 0.01625 0.026986506746626688
2 0.181875 0.6334332833583208 0.00875 0.008995502248875561
3 0.20875 0.5562218890554723 0.01625 0.07196401799100449
3 0.28625 0.49775112443778113 0.0175 0.022488755622188907
3 0.2375 0.7893553223388305 0.0175 0.020989505247376312
3 0.260625 0.658920539730135 0.02375 0.034482758620689655
3 0.3175 0.3230884557721139 0.02125 0.029985007496251874
2 0.221875 0.39430284857571213 0.0125 0.008995502248875561
3 0.244375 0.34707646176911544 0.0125 0.031484257871064465
3 0.266875 0.22488755622188905 0.015 0.043478260869565216
3 0.301875 0.05922038980509745 0.0175 0.038980509745127435
2 0.74125 0.27586206896551724 0.01875 0.022488755622188907
2 0.7575 0.18515742128935533 0.02 0.019490254872563718
3 0.81375 0.09820089955022489 0.055 0.06146926536731634
3 0.73875 0.06596701649175413 0.0325 0.041979010494752625