2 0.1825 0.348575712143928 0.02375 0.02848575712143928
2 0.485625 0.5734632683658171 0.01875 0.019490254872563718
3 0.47375 0.5892053973013494 0.035 0.07946026986506746
3 0.5175 0.6154422788605697 0.10875 0.031484257871064465
1 0.71375 0.1934032983508246 0.1325 0.23388305847076463
0 0.689375 0.27436281859070466 0.03 0.02848575712143928
0 0.7425 0.19640179910044978 0.0375 0.02848575712143928
0 0.71125 0.10794602698650675 0.0325 0.034482758620689655
0 0.6675 0.19490254872563717 0.0275 0.0239880059970015
2 0.699375 0.15367316341829085 0.01625 0.022488755622188907
2 0.7 0.21964017991004497 0.01 0.01649175412293853
2 0.724375 0.17766116941529236 0.01 0.01649175412293853
2 0.723125 0.2391304347826087 0.01375 0.025487256371814093
2 0.843125 0.22563718140929534 0.00875 0.01199400299850075
1 0.324375 0.10269865067466268 0.02625 0.07646176911544228
1 0.5375 0.068215892053973 0.05125 0.13193403298350825
2 0.535 0.09820089955022489 0.0075 0.008995502248875561
2 0.325 0.09145427286356822 0.01 0.008995502248875561
3 0.5425 0.01649175412293853 0.025 0.01649175412293853
2 0.5275 0.12293853073463268 0.0075 0.010494752623688156
2 0.63125 0.34407796101949023 0.00875 0.010494752623688156
2 0.5775 0.12368815592203898 0.00375 0.005997001499250375
3 0.559375 0.10719640179910045 0.015 0.03298350824587706
3 0.709375 0.8088455772113943 0.0175 0.050974512743628186
2 0.69 0.7451274362818591 0.005 0.0074962518740629685
2 0.71625 0.7391304347826086 0.0075 0.008995502248875561
3 0.240625 0.5397301349325337 0.0275 0.09895052473763119
2 0.21125 0.6956521739130435 0.0125 0.01199400299850075