3 0.70125 0.48278443113772457 0.025 0.008982035928143712
3 0.626875 0.47380239520958084 0.01125 0.0074850299401197605
3 0.77375 0.4962574850299401 0.02375 0.01347305389221557
3 0.60875 0.44835329341317365 0.00875 0.017964071856287425
3 0.61125 0.36002994011976047 0.0125 0.019461077844311378
3 0.614375 0.2934131736526946 0.015 0.02245508982035928
3 0.616875 0.18862275449101795 0.01625 0.02245508982035928
3 0.510625 0.11601796407185629 0.02375 0.017964071856287425
3 0.420625 0.10479041916167664 0.015 0.011976047904191617
2 0.223125 0.14296407185628743 0.005 0.005988023952095809
2 0.271875 0.1534431137724551 0.01 0.008982035928143712
2 0.27875 0.04940119760479042 0.0125 0.01347305389221557
3 0.3025 0.13922155688622753 0.015 0.02844311377245509
2 0.198125 0.6085329341317365 0.0075 0.008982035928143712
3 0.215 0.5329341317365269 0.015 0.0748502994011976
3 0.285 0.47904191616766467 0.01625 0.023952095808383235
3 0.27375 0.7702095808383234 0.01625 0.02245508982035928
3 0.280625 0.6399700598802395 0.0225 0.0344311377245509
3 0.29375 0.3061377245508982 0.02125 0.029940119760479042
2 0.208125 0.3712574850299401 0.01125 0.008982035928143712
3 0.223125 0.3241017964071856 0.01125 0.03143712574850299
3 0.230625 0.20359281437125748 0.01375 0.04341317365269461
3 0.244375 0.03967065868263473 0.01625 0.038922155688622756
2 0.71375 0.2934131736526946 0.01875 0.023952095808383235
2 0.7175 0.2028443113772455 0.02 0.020958083832335328
3 0.7625 0.12050898203592815 0.05125 0.06287425149700598
3 0.6825 0.08233532934131736 0.03125 0.041916167664670656