0 0.188125 0.05022488755622189 0.025 0.03298350824587706
2 0.171875 0.13418290854572715 0.0125 0.014992503748125937
2 0.156875 0.19790104947526238 0.01375 0.014992503748125937
2 0.149375 0.6446776611694153 0.04 0.1424287856071964
0 0.18125 0.4910044977511244 0.02875 0.0239880059970015
0 0.578125 0.19790104947526238 0.015 0.031484257871064465
2 0.57875 0.25487256371814093 0.01 0.01199400299850075
2 0.5775 0.3313343328335832 0.01375 0.017991004497751123
2 0.583125 0.56071964017991 0.015 0.019490254872563718
2 0.585625 0.7113943028485757 0.01375 0.01649175412293853
2 0.51 0.09145427286356822 0.02375 0.022488755622188907
2 0.50875 0.15142428785607195 0.01875 0.019490254872563718
2 0.655 0.14992503748125938 0.0175 0.01649175412293853
2 0.668125 0.09295352323838081 0.01875 0.017991004497751123
1 0.765 0.4205397301349325 0.03 0.0704647676161919
0 0.35625 0.14392803598200898 0.0225 0.022488755622188907
0 0.815625 0.547976011994003 0.0225 0.029985007496251874
2 0.8125 0.5104947526236882 0.01375 0.01649175412293853
2 0.583125 0.11094452773613193 0.09625 0.07196401799100449
2 0.14 0.5217391304347826 0.0125 0.019490254872563718
3 0.736875 0.18140929535232383 0.0175 0.022488755622188907
3 0.75 0.15517241379310345 0.0175 0.017991004497751123
3 0.764375 0.1176911544227886 0.015 0.025487256371814093
0 0.774375 0.17316341829085458 0.01125 0.020989505247376312
0 0.05375 0.7856071964017991 0.02625 0.03298350824587706