0 0.230625 0.04122938530734633 0.0275 0.031484257871064465
2 0.205625 0.12518740629685157 0.01375 0.014992503748125937
2 0.185625 0.1889055472263868 0.015 0.014992503748125937
2 0.136875 0.6356821589205397 0.0425 0.13943028485757122
0 0.18375 0.48200899550224885 0.0325 0.0239880059970015
0 0.606875 0.19940029985007496 0.01625 0.029985007496251874
2 0.60125 0.2563718140929535 0.01125 0.01199400299850075
2 0.59375 0.3328335832083958 0.015 0.017991004497751123
2 0.576875 0.5637181409295352 0.01625 0.019490254872563718
2 0.565625 0.7143928035982009 0.015 0.01649175412293853
2 0.5475 0.09145427286356822 0.02625 0.022488755622188907
2 0.54125 0.15142428785607195 0.02125 0.019490254872563718
2 0.6875 0.15442278860569716 0.02 0.01649175412293853
2 0.705625 0.09745127436281859 0.02125 0.017991004497751123
1 0.77125 0.4280359820089955 0.03375 0.06896551724137931
0 0.39 0.13943028485757122 0.025 0.022488755622188907
0 0.810625 0.5569715142428786 0.025 0.02848575712143928
2 0.81 0.5194902548725637 0.015 0.01649175412293853
2 0.618125 0.11244377811094453 0.105 0.0704647676161919
2 0.13875 0.512743628185907 0.01375 0.019490254872563718
3 0.765625 0.1874062968515742 0.02 0.022488755622188907
3 0.78125 0.16116941529235382 0.02 0.017991004497751123
3 0.798125 0.12518740629685157 0.01625 0.025487256371814093
0 0.803125 0.18065967016491755 0.0125 0.020989505247376312
0 0.02875 0.7736131934032984 0.02875 0.031484257871064465