2 0.371875 0.664167916041979 0.05 0.06296851574212893
2 0.518125 0.6784107946026986 0.03125 0.034482758620689655
0 0.93375 0.6086956521739131 0.0575 0.050974512743628186
2 0.198125 0.8328335832083958 0.19375 0.08845577211394302
0 0.0475 0.6214392803598201 0.0675 0.0944527736131934
2 0.38125 0.49775112443778113 0.03375 0.037481259370314844
2 0.38875 0.29985007496251875 0.0275 0.0239880059970015
0 0.661875 0.029985007496251874 0.03125 0.022488755622188907
0 0.81125 0.035982008995502246 0.025 0.026986506746626688
2 0.401875 0.11544227886056972 0.025 0.017991004497751123
2 0.401875 0.05847076461769116 0.0125 0.013493253373313344
2 0.47 0.044977511244377814 0.02 0.01199400299850075
2 0.355625 0.05247376311844078 0.025 0.014992503748125937
2 0.33625 0.10494752623688156 0.02375 0.0239880059970015
2 0.354375 0.17916041979010494 0.02125 0.0239880059970015
2 0.5 0.16041979010494753 0.02375 0.0239880059970015
2 0.496875 0.08395802098950525 0.02 0.019490254872563718
2 0.33125 0.1926536731634183 0.00875 0.010494752623688156
3 0.246875 0.13718140929535233 0.01875 0.029985007496251874
3 0.26 0.18365817091454273 0.01375 0.026986506746626688
3 0.26875 0.21889055472263869 0.01375 0.026986506746626688
1 0.18625 0.3020989505247376 0.06125 0.12593703148425786
2 0.195 0.5082458770614693 0.01125 0.017991004497751123
0 0.22 0.06371814092953523 0.025 0.0239880059970015
2 0.441875 0.8598200899550225 0.02 0.01649175412293853
2 0.8 0.8448275862068966 0.01875 0.019490254872563718
2 0.940625 0.4790104947526237 0.02 0.022488755622188907
0 0.191875 0.5487256371814093 0.02875 0.038980509745127435