2 0.37875 0.6581709145427287 0.0525 0.06146926536731634
2 0.52625 0.679160419790105 0.0325 0.03298350824587706
0 0.939375 0.6266866566716641 0.06 0.049475262368815595
2 0.2125 0.8193403298350824 0.205 0.07946026986506746
0 0.051875 0.6019490254872564 0.07 0.09295352323838081
2 0.38125 0.49250374812593706 0.035 0.035982008995502246
2 0.379375 0.29610194902548725 0.0275 0.022488755622188907
0 0.641875 0.03823088455772114 0.0325 0.020989505247376312
0 0.790625 0.049475262368815595 0.025 0.025487256371814093
2 0.384375 0.11244377811094453 0.025 0.01649175412293853
2 0.3825 0.05547226386806597 0.01375 0.01199400299850075
2 0.449375 0.044977511244377814 0.02125 0.010494752623688156
2 0.335 0.0472263868065967 0.02625 0.013493253373313344
2 0.319375 0.10044977511244378 0.02375 0.022488755622188907
2 0.33875 0.17316341829085458 0.02125 0.022488755622188907
2 0.485 0.16116941529235382 0.02375 0.022488755622188907
2 0.4775 0.08470764617691154 0.02 0.017991004497751123
2 0.316875 0.18590704647676162 0.01 0.010494752623688156
3 0.229375 0.12743628185907047 0.0175 0.026986506746626688
3 0.245 0.17391304347826086 0.01375 0.026986506746626688
3 0.255625 0.2098950524737631 0.01375 0.026986506746626688
1 0.176875 0.2893553223388306 0.06125 0.12443778110944528
2 0.195 0.4955022488755622 0.01125 0.017991004497751123
0 0.2 0.05472263868065967 0.025 0.022488755622188907
2 0.4575 0.856071964017991 0.02 0.014992503748125937
2 0.81625 0.856071964017991 0.0175 0.017991004497751123
2 0.94125 0.49775112443778113 0.02 0.020989505247376312
0 0.193125 0.5359820089955023 0.02875 0.037481259370314844