2 0.719375 0.823088455772114 0.05 0.05997001499250375
2 0.32125 0.8253373313343328 0.015 0.01649175412293853
2 0.271875 0.6379310344827587 0.01 0.01199400299850075
2 0.168125 0.2518740629685157 0.01 0.01199400299850075
2 0.12125 0.2653673163418291 0.03125 0.026986506746626688
2 0.023125 0.30059970014992504 0.04 0.05697151424287856
1 0.10875 0.4625187406296852 0.05375 0.043478260869565216
1 0.03 0.6079460269865068 0.05625 0.10794602698650675
2 0.02875 0.6349325337331334 0.01625 0.01649175412293853
2 0.269375 0.787856071964018 0.01 0.01199400299850075
0 0.281875 0.5292353823088456 0.025 0.019490254872563718
0 0.28125 0.4542728635682159 0.02375 0.020989505247376312
0 0.264375 0.4077961019490255 0.02 0.0239880059970015
1 0.321875 0.17466266866566715 0.05 0.08545727136431784
2 0.313125 0.14992503748125938 0.00625 0.005997001499250375
2 0.886875 0.17991004497751126 0.01 0.010494752623688156
0 0.864375 0.1176911544227886 0.01875 0.025487256371814093
1 0.85625 0.25487256371814093 0.06625 0.08245877061469266
0 0.825 0.19715142428785606 0.02 0.020989505247376312
2 0.688125 0.30434782608695654 0.01 0.010494752623688156
2 0.700625 0.3620689655172414 0.01 0.01199400299850075
0 0.913125 0.34257871064467765 0.015 0.019490254872563718
0 0.895 0.3650674662668666 0.01875 0.019490254872563718
0 0.921875 0.45952023988005997 0.015 0.01649175412293853
0 0.943125 0.4370314842578711 0.01875 0.0239880059970015
2 0.8975 0.452023988005997 0.0075 0.0074962518740629685
2 0.905 0.47226386806596704 0.00875 0.01199400299850075
1 0.971875 0.5494752623688156 0.0525 0.10344827586206896
2 0.573125 0.30434782608695654 0.00375 0.005997001499250375
2 0.74125 0.5382308845577212 0.01125 0.014992503748125937
2 0.764375 0.6476761619190404 0.01 0.013493253373313344