2 0.43625 0.2698650674662669 0.00875 0.010494752623688156
2 0.55125 0.2938530734632684 0.01 0.013493253373313344
2 0.56 0.3658170914542729 0.0125 0.01199400299850075
2 0.58625 0.5847076461769115 0.01875 0.019490254872563718
2 0.60125 0.7271364317841079 0.015 0.019490254872563718
1 0.355 0.19790104947526238 0.0275 0.07496251874062969
0 0.72875 0.2098950524737631 0.01875 0.026986506746626688
2 0.78 0.1889055472263868 0.01375 0.013493253373313344
2 0.7975 0.24887556221889057 0.01375 0.013493253373313344
1 0.7525 0.2683658170914543 0.0675 0.05697151424287856
2 0.74 0.2653673163418291 0.0075 0.01199400299850075
0 0.825 0.5412293853073463 0.02 0.0239880059970015
0 0.7975 0.41679160419790107 0.0175 0.022488755622188907
2 0.795 0.5217391304347826 0.015 0.01199400299850075
2 0.79875 0.5487256371814093 0.00875 0.013493253373313344
2 0.32 0.9625187406296851 0.07125 0.05547226386806597
0 0.76125 0.11094452773613193 0.02625 0.031484257871064465
1 0.38625 0.7436281859070465 0.06625 0.08245877061469266
2 0.35375 0.22338830584707647 0.00875 0.0074962518740629685
2 0.4125 0.19940029985007496 0.0075 0.0074962518740629685
1 0.61375 0.1664167916041979 0.04375 0.09895052473763119
1 0.675 0.17691154422788605 0.0475 0.08995502248875563
0 0.93 0.7976011994002998 0.03125 0.03298350824587706