2 0.20125 0.3140929535232384 0.02375 0.025487256371814093
2 0.47875 0.5727136431784108 0.01875 0.01649175412293853
3 0.465 0.5869565217391305 0.0325 0.07496251874062969
3 0.506875 0.6176911544227887 0.11125 0.025487256371814093
1 0.740625 0.2158920539730135 0.13125 0.22338830584707647
0 0.709375 0.2946026986506747 0.03 0.025487256371814093
0 0.76875 0.22113943028485758 0.0375 0.025487256371814093
0 0.745625 0.13043478260869565 0.0325 0.03298350824587706
0 0.695625 0.2136431784107946 0.0275 0.020989505247376312
2 0.729375 0.17541229385307347 0.01625 0.019490254872563718
2 0.72375 0.2413793103448276 0.00875 0.014992503748125937
2 0.751875 0.20314842578710646 0.00875 0.014992503748125937
2 0.744375 0.2638680659670165 0.01375 0.022488755622188907
2 0.864375 0.2638680659670165 0.00875 0.01199400299850075
1 0.365 0.08170914542728636 0.02625 0.07196401799100449
1 0.57875 0.0712143928035982 0.04875 0.12743628185907047
2 0.573125 0.10119940029985007 0.0075 0.008995502248875561
2 0.36625 0.0734632683658171 0.01 0.008995502248875561
3 0.588125 0.020989505247376312 0.02625 0.013493253373313344
2 0.563125 0.12518740629685157 0.0075 0.010494752623688156
2 0.644375 0.3598200899550225 0.00875 0.010494752623688156
2 0.611875 0.13043478260869565 0.00375 0.005997001499250375
3 0.595625 0.11394302848575712 0.015 0.031484257871064465
3 0.6775 0.8335832083958021 0.0175 0.047976011994003
2 0.665 0.7668665667166417 0.005 0.0074962518740629685
2 0.69125 0.7631184407796102 0.0075 0.008995502248875561
3 0.24 0.5119940029985007 0.02625 0.095952023988006
2 0.19625 0.664167916041979 0.01375 0.010494752623688156