2 0.1625 0.312125748502994 0.02625 0.02844311377245509
2 0.495625 0.5718562874251497 0.02 0.019461077844311378
3 0.485 0.5860778443113772 0.0375 0.08233532934131736
3 0.533125 0.6167664670658682 0.11625 0.03592814371257485
1 0.676875 0.2155688622754491 0.14625 0.2410179640718563
0 0.6625 0.29565868263473055 0.0325 0.03143712574850299
0 0.705625 0.22080838323353294 0.04 0.03143712574850299
0 0.661875 0.1309880239520958 0.035 0.0374251497005988
0 0.630625 0.2118263473053892 0.03 0.023952095808383235
2 0.656875 0.1751497005988024 0.0175 0.02245508982035928
2 0.665625 0.2410179640718563 0.01125 0.016467065868263474
2 0.685 0.20134730538922155 0.01125 0.016467065868263474
2 0.690625 0.26272455089820357 0.015 0.025449101796407185
2 0.810625 0.2634730538922156 0.01125 0.01347305389221557
1 0.27375 0.08083832335329341 0.03 0.07784431137724551
1 0.48375 0.07035928143712575 0.0575 0.13622754491017963
2 0.484375 0.10029940119760479 0.00875 0.008982035928143712
2 0.273125 0.0718562874251497 0.01125 0.011976047904191617
3 0.481875 0.0187125748502994 0.02875 0.016467065868263474
2 0.479375 0.125 0.00875 0.011976047904191617
2 0.6125 0.35853293413173654 0.01 0.011976047904191617
2 0.529375 0.13023952095808383 0.00375 0.005988023952095809
3 0.51 0.1122754491017964 0.01625 0.0344311377245509
3 0.74875 0.8323353293413174 0.01875 0.05239520958083832
2 0.7225 0.7672155688622755 0.005 0.0074850299401197605
2 0.7475 0.7634730538922155 0.00875 0.008982035928143712
3 0.24375 0.5097305389221557 0.03125 0.10179640718562874
2 0.235 0.6631736526946108 0.01375 0.01347305389221557