0 0.05625 0.6251874062968515 0.05 0.047976011994003
2 0.51875 0.487256371814093 0.04125 0.043478260869565216
3 0.48 0.6731634182908546 0.02875 0.15742128935532235
3 0.605 0.671664167916042 0.055 0.13793103448275862
2 0.89375 0.7436281859070465 0.0175 0.019490254872563718
2 0.325 0.14392803598200898 0.00875 0.008995502248875561
2 0.41 0.17841079460269865 0.01 0.010494752623688156
2 0.415 0.20689655172413793 0.01 0.0074962518740629685
1 0.40125 0.14992503748125938 0.04125 0.15742128935532235
1 0.32125 0.10644677661169415 0.035 0.10194902548725637
1 0.25875 0.18290854572713644 0.07375 0.05247376311844078
2 0.26625 0.18440779610194902 0.0175 0.01199400299850075
2 0.26875 0.2413793103448276 0.0125 0.008995502248875561
2 0.26 0.280359820089955 0.0125 0.010494752623688156
2 0.16625 0.2893553223388306 0.01375 0.01199400299850075
2 0.1575 0.31334332833583206 0.0175 0.010494752623688156
0 0.235 0.046476761619190406 0.03 0.0239880059970015
0 0.095 0.049475262368815595 0.02875 0.025487256371814093
0 0.17375 0.39280359820089955 0.02625 0.029985007496251874
0 0.205 0.2863568215892054 0.02625 0.031484257871064465
2 0.17875 0.4782608695652174 0.0175 0.0239880059970015
2 0.49625 0.3058470764617691 0.0325 0.026986506746626688
2 0.4675 0.11394302848575712 0.02 0.010494752623688156
2 0.45875 0.06296851574212893 0.0125 0.0074962518740629685
2 0.87375 0.29685157421289354 0.025 0.019490254872563718
2 0.5875 0.0239880059970015 0.01 0.010494752623688156
1 0.69875 0.25487256371814093 0.05 0.0704647676161919
2 0.7 0.24437781109445278 0.01375 0.008995502248875561
2 0.22 0.10794602698650675 0.00875 0.008995502248875561
2 0.21625 0.12293853073463268 0.0125 0.01199400299850075
2 0.4175 0.8545727136431784 0.0175 0.0074962518740629685