2 0.3825 0.6601796407185628 0.0525 0.061377245508982034
2 0.52875 0.6781437125748503 0.03375 0.0344311377245509
0 0.939375 0.6167664670658682 0.06 0.04940119760479042
2 0.218125 0.8248502994011976 0.2075 0.08233532934131736
0 0.054375 0.6107784431137725 0.07125 0.09431137724550898
2 0.38125 0.49476047904191617 0.03625 0.0374251497005988
2 0.376875 0.2971556886227545 0.02875 0.023952095808383235
0 0.63375 0.033682634730538924 0.0325 0.02245508982035928
0 0.784375 0.04266467065868264 0.02625 0.02694610778443114
2 0.37875 0.11377245508982035 0.025 0.017964071856287425
2 0.375625 0.05688622754491018 0.01375 0.011976047904191617
2 0.443125 0.04491017964071856 0.02125 0.011976047904191617
2 0.328125 0.04940119760479042 0.02625 0.014970059880239521
2 0.31375 0.10179640718562874 0.025 0.023952095808383235
2 0.334375 0.17589820359281438 0.0225 0.023952095808383235
2 0.48 0.16092814371257486 0.025 0.023952095808383235
2 0.471875 0.0845808383233533 0.02 0.017964071856287425
2 0.31375 0.18862275449101795 0.01 0.010479041916167664
3 0.225625 0.13248502994011976 0.02 0.02694610778443114
3 0.240625 0.1781437125748503 0.015 0.02694610778443114
3 0.251875 0.21407185628742514 0.015 0.02694610778443114
1 0.175625 0.29565868263473055 0.06375 0.12425149700598802
2 0.19625 0.500748502994012 0.01125 0.017964071856287425
0 0.19375 0.058383233532934134 0.02625 0.023952095808383235
2 0.463125 0.8570359281437125 0.02 0.014970059880239521
2 0.82 0.8488023952095808 0.0175 0.017964071856287425
2 0.939375 0.48727544910179643 0.02 0.020958083832335328
0 0.195 0.5411676646706587 0.03 0.038922155688622756