0 0.450625 0.31259370314842577 0.025 0.034482758620689655
2 0.410625 0.32983508245877063 0.0225 0.020989505247376312
0 0.3725 0.3335832083958021 0.025 0.031484257871064465
2 0.42 0.36806596701649175 0.01 0.01199400299850075
0 0.4375 0.391304347826087 0.025 0.031484257871064465
2 0.13625 0.8425787106446777 0.01 0.013493253373313344
2 0.096875 0.835832083958021 0.0075 0.013493253373313344
3 0.755625 0.6671664167916042 0.0175 0.07796101949025487
3 0.8 0.6806596701649176 0.02 0.08245877061469266
3 0.503125 0.3403298350824588 0.0125 0.043478260869565216
3 0.694375 0.29235382308845576 0.02125 0.04047976011994003
3 0.194375 0.5337331334332833 0.04125 0.10194902548725637
2 0.2 0.5284857571214393 0.03 0.026986506746626688
2 0.419375 0.2691154422788606 0.0425 0.041979010494752625
3 0.165625 0.820839580209895 0.01375 0.017991004497751123
3 0.08875 0.9107946026986506 0.025 0.05547226386806597
3 0.756875 0.7181409295352323 0.11375 0.02848575712143928
2 0.415 0.08395802098950525 0.06375 0.07496251874062969
3 0.484375 0.2623688155922039 0.01875 0.034482758620689655
3 0.491875 0.20764617691154422 0.01625 0.031484257871064465
2 0.651875 0.7871064467766117 0.02875 0.02848575712143928
2 0.64875 0.9460269865067467 0.0275 0.031484257871064465
2 0.55875 0.4370314842578711 0.0575 0.05997001499250375
2 0.510625 0.36881559220389803 0.0125 0.008995502248875561
2 0.520625 0.24962518740629686 0.00875 0.008995502248875561
3 0.35625 0.7653673163418291 0.03125 0.013493253373313344
3 0.26125 0.7713643178410795 0.02875 0.022488755622188907
1 0.625 0.46776611694152925 0.07125 0.13943028485757122