0 0.038125 0.7016491754122939 0.0475 0.050974512743628186
2 0.519375 0.4827586206896552 0.03875 0.046476761619190406
3 0.45875 0.6799100449775113 0.0325 0.15892053973013492
3 0.584375 0.6574212893553223 0.05625 0.1409295352323838
2 0.866875 0.6814092953523239 0.01625 0.020989505247376312
2 0.3675 0.1679160419790105 0.0075 0.008995502248875561
2 0.44875 0.18815592203898052 0.00875 0.010494752623688156
2 0.45 0.2166416791604198 0.00875 0.0074962518740629685
1 0.44375 0.15967016491754124 0.04375 0.15892053973013492
1 0.368125 0.12968515742128936 0.03625 0.10494752623688156
1 0.296875 0.2181409295352324 0.07 0.05697151424287856
2 0.304375 0.2181409295352324 0.015 0.013493253373313344
2 0.299375 0.27511244377811095 0.01125 0.008995502248875561
2 0.28625 0.31784107946026985 0.01125 0.010494752623688156
2 0.189375 0.34182908545727136 0.0125 0.013493253373313344
2 0.178125 0.36806596701649175 0.015 0.01199400299850075
0 0.29 0.08245877061469266 0.02875 0.025487256371814093
0 0.148125 0.10944527736131934 0.0275 0.026986506746626688
0 0.18375 0.4460269865067466 0.02625 0.031484257871064465
0 0.229375 0.3335832083958021 0.02625 0.03298350824587706
2 0.18 0.5314842578710645 0.01625 0.025487256371814093
2 0.52 0.30359820089955025 0.03125 0.02848575712143928
2 0.515625 0.11169415292353824 0.01875 0.01199400299850075
2 0.511875 0.06146926536731634 0.01125 0.0074962518740629685
2 0.900625 0.23013493253373313 0.025 0.020989505247376312
2 0.6475 0.0029985007496251873 0.01 0.005997001499250375
1 0.73125 0.2166416791604198 0.0475 0.07496251874062969
2 0.733125 0.20614692653673164 0.0125 0.010494752623688156
2 0.26625 0.14842578710644677 0.0075 0.008995502248875561
2 0.260625 0.1634182908545727 0.01125 0.01199400299850075
2 0.3725 0.8755622188905547 0.015 0.008995502248875561