0 0.139375 0.05697151424287856 0.02625 0.034482758620689655
2 0.131875 0.14167916041979012 0.01375 0.017991004497751123
2 0.124375 0.20689655172413793 0.015 0.017991004497751123
2 0.166875 0.6536731634182908 0.045 0.14992503748125938
0 0.18125 0.4992503748125937 0.03 0.02848575712143928
0 0.545 0.1956521739130435 0.01625 0.03298350824587706
2 0.550625 0.25262368815592207 0.01125 0.013493253373313344
2 0.55875 0.328335832083958 0.015 0.020989505247376312
2 0.589375 0.5592203898050975 0.01625 0.022488755622188907
2 0.608125 0.7098950524737632 0.015 0.019490254872563718
2 0.465 0.09145427286356822 0.025 0.025487256371814093
2 0.47125 0.15067466266866567 0.02 0.022488755622188907
2 0.616875 0.14617691154422788 0.01875 0.019490254872563718
2 0.62375 0.08995502248875563 0.02 0.020989505247376312
1 0.75625 0.41454272863568215 0.0325 0.07496251874062969
0 0.318125 0.1469265367316342 0.02375 0.025487256371814093
0 0.819375 0.5397301349325337 0.02375 0.031484257871064465
2 0.8125 0.5029985007496252 0.015 0.019490254872563718
2 0.54 0.10869565217391304 0.09875 0.08095952023988005
2 0.143125 0.5307346326836582 0.01375 0.022488755622188907
3 0.70125 0.17541229385307347 0.01875 0.025487256371814093
3 0.711875 0.14842578710644677 0.01875 0.020989505247376312
3 0.72125 0.11169415292353824 0.01625 0.02848575712143928
0 0.738125 0.1679160419790105 0.0125 0.0239880059970015
0 0.08625 0.7961019490254873 0.0275 0.034482758620689655