0 0.064375 0.6526946107784432 0.05125 0.05089820359281437
2 0.518125 0.48502994011976047 0.04125 0.04640718562874251
3 0.485 0.6758982035928144 0.035 0.15868263473053892
3 0.608125 0.6654191616766467 0.06 0.1407185628742515
2 0.896875 0.719311377245509 0.0175 0.020958083832335328
2 0.3175 0.15269461077844312 0.00875 0.008982035928143712
2 0.4025 0.18188622754491018 0.01 0.010479041916167664
2 0.40875 0.21032934131736528 0.01 0.0074850299401197605
1 0.3925 0.1534431137724551 0.0475 0.15868263473053892
1 0.311875 0.11452095808383234 0.03875 0.10479041916167664
1 0.253125 0.19386227544910178 0.075 0.05688622754491018
2 0.260625 0.1968562874251497 0.01625 0.01347305389221557
2 0.264375 0.2537425149700599 0.0125 0.008982035928143712
2 0.2575 0.2934131736526946 0.0125 0.010479041916167664
2 0.163125 0.3083832335329341 0.01375 0.01347305389221557
2 0.156875 0.3315868263473054 0.01625 0.011976047904191617
0 0.22625 0.058383233532934134 0.03 0.025449101796407185
0 0.088125 0.07035928143712575 0.02875 0.02694610778443114
0 0.17375 0.4124251497005988 0.0275 0.03143712574850299
0 0.203125 0.3031437125748503 0.0275 0.03293413173652695
2 0.18125 0.4977544910179641 0.0175 0.025449101796407185
2 0.49125 0.3031437125748503 0.03375 0.02844311377245509
2 0.456875 0.11152694610778444 0.02 0.011976047904191617
2 0.446875 0.061377245508982034 0.0125 0.0074850299401197605
2 0.864375 0.2717065868263473 0.02625 0.020958083832335328
2 0.57375 0.014970059880239521 0.01 0.010479041916167664
1 0.69125 0.2402694610778443 0.05125 0.0748502994011976
2 0.691875 0.22979041916167664 0.01375 0.010479041916167664
2 0.2125 0.12125748502994012 0.00875 0.008982035928143712
2 0.209375 0.13622754491017963 0.0125 0.011976047904191617
2 0.4275 0.8622754491017964 0.01625 0.008982035928143712