0 0.125625 0.017964071856287425 0.03 0.0344311377245509
2 0.119375 0.09955089820359281 0.01375 0.016467065868263474
2 0.11375 0.1631736526946108 0.015 0.016467065868263474
2 0.16625 0.6100299401197605 0.045 0.14820359281437126
0 0.178125 0.45808383233532934 0.03375 0.02694610778443114
0 0.53875 0.20508982035928144 0.01875 0.03143712574850299
2 0.545625 0.2619760479041916 0.01125 0.011976047904191617
2 0.55625 0.3383233532934132 0.015 0.019461077844311378
2 0.591875 0.5696107784431138 0.0175 0.020958083832335328
2 0.61375 0.719311377245509 0.015 0.017964071856287425
2 0.455625 0.09131736526946108 0.02875 0.025449101796407185
2 0.4625 0.15119760479041916 0.02125 0.02245508982035928
2 0.60875 0.16467065868263472 0.02 0.017964071856287425
2 0.615625 0.11002994011976049 0.02125 0.020958083832335328
1 0.755625 0.4468562874251497 0.035 0.0748502994011976
0 0.308125 0.12874251497005987 0.02625 0.025449101796407185
0 0.824375 0.5793413173652695 0.02625 0.03143712574850299
2 0.815625 0.5411676646706587 0.015 0.017964071856287425
2 0.53125 0.11826347305389222 0.10875 0.07784431137724551
2 0.140625 0.48502994011976047 0.01375 0.020958083832335328
3 0.695625 0.20434131736526945 0.02125 0.023952095808383235
3 0.705 0.17964071856287425 0.02 0.019461077844311378
3 0.714375 0.1437125748502994 0.01875 0.02694610778443114
0 0.731875 0.20134730538922155 0.0125 0.02245508982035928
0 0.088125 0.7387724550898204 0.03125 0.0344311377245509