0 0.044375 0.7136431784107946 0.04625 0.05247376311844078
2 0.519375 0.4827586206896552 0.0375 0.046476761619190406
3 0.465 0.6814092953523239 0.03125 0.1634182908545727
3 0.590625 0.6544227886056971 0.05375 0.14392803598200898
2 0.874375 0.6709145427286357 0.01625 0.020989505247376312
2 0.355 0.1724137931034483 0.0075 0.008995502248875561
2 0.4375 0.1896551724137931 0.00875 0.01199400299850075
2 0.44 0.2181409295352324 0.00875 0.0074962518740629685
1 0.43125 0.16266866566716642 0.0425 0.1634182908545727
1 0.354375 0.13418290854572715 0.035 0.10644677661169415
1 0.285625 0.22263868065967016 0.0675 0.05847076461769116
2 0.293125 0.22413793103448276 0.015 0.014992503748125937
2 0.290625 0.2811094452773613 0.01125 0.008995502248875561
2 0.27875 0.3238380809595202 0.01125 0.01199400299850075
2 0.183125 0.35082458770614694 0.0125 0.014992503748125937
2 0.173125 0.37556221889055474 0.015 0.013493253373313344
0 0.27375 0.08845577211394302 0.0275 0.025487256371814093
0 0.133125 0.1199400299850075 0.02625 0.026986506746626688
0 0.18125 0.4550224887556222 0.025 0.03298350824587706
0 0.223125 0.3410794602698651 0.025 0.034482758620689655
2 0.18 0.54047976011994 0.01625 0.025487256371814093
2 0.5125 0.3020989505247376 0.03 0.02848575712143928
2 0.500625 0.11169415292353824 0.0175 0.013493253373313344
2 0.495625 0.06146926536731634 0.01125 0.0074962518740629685
2 0.891875 0.21964017991004497 0.02375 0.020989505247376312
2 0.62875 0.0022488755622188904 0.01 0.004497751124437781
1 0.72125 0.21064467766116943 0.04625 0.07646176911544228
2 0.723125 0.20014992503748125 0.0125 0.01199400299850075
2 0.2525 0.15442278860569716 0.0075 0.008995502248875561
2 0.248125 0.16941529235382308 0.01125 0.013493253373313344
2 0.38625 0.8785607196401799 0.015 0.008995502248875561