2 0.19375 0.32158920539730135 0.0225 0.026986506746626688
2 0.48125 0.5742128935532234 0.0175 0.017991004497751123
3 0.46875 0.5869565217391305 0.03125 0.07796101949025487
3 0.510625 0.6176911544227887 0.1075 0.026986506746626688
1 0.730625 0.2098950524737631 0.12625 0.22938530734632684
0 0.701875 0.2901049475262369 0.02875 0.026986506746626688
0 0.75875 0.2151424287856072 0.03625 0.026986506746626688
0 0.731875 0.12443778110944528 0.03125 0.03298350824587706
0 0.684375 0.20914542728635682 0.02625 0.022488755622188907
2 0.718125 0.16941529235382308 0.015 0.020989505247376312
2 0.715 0.2368815592203898 0.00875 0.01649175412293853
2 0.740625 0.19715142428785606 0.00875 0.01649175412293853
2 0.735625 0.25787106446776614 0.0125 0.0239880059970015
2 0.855625 0.25337331334332835 0.00875 0.01199400299850075
1 0.34875 0.08620689655172414 0.025 0.07496251874062969
1 0.5625 0.06971514242878561 0.0475 0.13043478260869565
2 0.558125 0.09970014992503748 0.0075 0.008995502248875561
2 0.35 0.07796101949025487 0.01 0.008995502248875561
3 0.570625 0.019490254872563718 0.025 0.013493253373313344
2 0.549375 0.12518740629685157 0.0075 0.010494752623688156
2 0.639375 0.3553223388305847 0.00875 0.010494752623688156
2 0.598125 0.12893553223388307 0.00375 0.005997001499250375
3 0.581875 0.11094452773613193 0.01375 0.031484257871064465
3 0.69 0.8275862068965517 0.01625 0.049475262368815595
2 0.675 0.7623688155922039 0.005 0.0074962518740629685
2 0.70125 0.7586206896551724 0.0075 0.008995502248875561
3 0.24 0.5179910044977512 0.025 0.09745127436281859
2 0.2025 0.671664167916042 0.0125 0.010494752623688156