0 0.440625 0.3031437125748503 0.02375 0.03293413173652695
2 0.40125 0.312125748502994 0.02125 0.017964071856287425
0 0.3625 0.31137724550898205 0.02375 0.029940119760479042
2 0.413125 0.35479041916167664 0.01 0.011976047904191617
0 0.431875 0.38023952095808383 0.02375 0.029940119760479042
2 0.151875 0.7844311377245509 0.01 0.01347305389221557
2 0.113125 0.7702095808383234 0.0075 0.01347305389221557
3 0.765625 0.7088323353293413 0.015 0.0748502994011976
3 0.811875 0.7290419161676647 0.0175 0.07784431137724551
3 0.495 0.3398203592814371 0.01 0.04341317365269461
3 0.68375 0.3226047904191617 0.02 0.038922155688622756
3 0.195 0.48278443113772457 0.03875 0.09880239520958084
2 0.2 0.47904191616766467 0.02875 0.023952095808383235
2 0.4075 0.2559880239520958 0.04125 0.040419161676646706
3 0.180625 0.7672155688622755 0.0125 0.016467065868263474
3 0.10875 0.8450598802395209 0.02375 0.05239520958083832
3 0.76875 0.7612275449101796 0.1125 0.02245508982035928
2 0.3925 0.0688622754491018 0.0625 0.07035928143712575
3 0.47125 0.25898203592814373 0.0175 0.03293413173652695
3 0.476875 0.20508982035928144 0.015 0.029940119760479042
2 0.668125 0.812874251497006 0.0275 0.025449101796407185
2 0.673125 0.9715568862275449 0.02625 0.029940119760479042
2 0.555625 0.44610778443113774 0.05625 0.05688622754491018
2 0.503125 0.36826347305389223 0.0125 0.008982035928143712
2 0.5075 0.25074850299401197 0.00875 0.008982035928143712
3 0.36875 0.7410179640718563 0.03125 0.011976047904191617
3 0.275 0.7327844311377245 0.0275 0.019461077844311378
1 0.62375 0.48577844311377244 0.0675 0.13323353293413173