3 0.7025 0.4625187406296852 0.02375 0.008995502248875561
3 0.628125 0.45952023988005997 0.01125 0.0074962518740629685
3 0.775 0.46701649175412296 0.0225 0.013493253373313344
3 0.61125 0.4370314842578711 0.00875 0.017991004497751123
3 0.61625 0.348575712143928 0.0125 0.019490254872563718
3 0.621875 0.2818590704647676 0.015 0.022488755622188907
3 0.628125 0.17391304347826086 0.01625 0.022488755622188907
3 0.524375 0.11319340329835083 0.0225 0.017991004497751123
3 0.435625 0.11094452773613193 0.015 0.01199400299850075
2 0.235625 0.1701649175412294 0.005 0.005997001499250375
2 0.284375 0.17766116941529236 0.01 0.008995502248875561
2 0.295 0.0704647676161919 0.0125 0.013493253373313344
3 0.315 0.16041979010494753 0.015 0.02848575712143928
2 0.193125 0.6424287856071964 0.0075 0.008995502248875561
3 0.21375 0.5637181409295352 0.015 0.07496251874062969
3 0.285 0.5037481259370314 0.01625 0.0239880059970015
3 0.26375 0.795352323838081 0.01625 0.022488755622188907
3 0.274375 0.6649175412293853 0.02125 0.034482758620689655
3 0.3 0.3275862068965517 0.02 0.029985007496251874
2 0.211875 0.4017991004497751 0.01125 0.008995502248875561
3 0.229375 0.3545727136431784 0.01125 0.031484257871064465
3 0.240625 0.23088455772113944 0.01375 0.043478260869565216
3 0.260625 0.06671664167916042 0.01625 0.038980509745127435
2 0.72125 0.2698650674662669 0.0175 0.0239880059970015
2 0.72875 0.17916041979010494 0.01875 0.020989505247376312
3 0.7775 0.09070464767616192 0.05 0.06296851574212893
3 0.69875 0.06146926536731634 0.03 0.041979010494752625