2 0.335 0.6626686656671664 0.0525 0.05997001499250375
2 0.4775 0.679160419790105 0.0325 0.03298350824587706
0 0.90625 0.6116941529235382 0.06 0.047976011994003
2 0.12375 0.8305847076461769 0.21125 0.07496251874062969
0 0.029375 0.616191904047976 0.05875 0.09295352323838081
2 0.3825 0.4962518740629685 0.03625 0.035982008995502246
2 0.435 0.29985007496251875 0.02875 0.022488755622188907
0 0.76875 0.031484257871064465 0.0325 0.020989505247376312
0 0.91625 0.038980509745127435 0.02625 0.025487256371814093
2 0.49 0.11394302848575712 0.02625 0.01649175412293853
2 0.50375 0.05697151424287856 0.01375 0.01199400299850075
2 0.57375 0.044977511244377814 0.02125 0.010494752623688156
2 0.45875 0.050974512743628186 0.0275 0.013493253373313344
2 0.4275 0.10344827586206896 0.025 0.022488755622188907
2 0.42875 0.17691154422788605 0.02125 0.022488755622188907
2 0.5775 0.1619190404797601 0.025 0.022488755622188907
2 0.59125 0.08395802098950525 0.02 0.017991004497751123
2 0.4025 0.191904047976012 0.01 0.010494752623688156
3 0.33125 0.13493253373313344 0.01875 0.026986506746626688
3 0.3325 0.18140929535232383 0.01375 0.026986506746626688
3 0.33375 0.21739130434782608 0.01375 0.026986506746626688
1 0.23375 0.2983508245877061 0.06125 0.12293853073463268
2 0.195 0.5037481259370314 0.01125 0.017991004497751123
0 0.32125 0.06146926536731634 0.02625 0.022488755622188907
2 0.36 0.8590704647676162 0.02 0.014992503748125937
2 0.72 0.8470764617691154 0.01875 0.017991004497751123
2 0.94375 0.4827586206896552 0.02 0.020989505247376312
0 0.18125 0.5472263868065967 0.03 0.037481259370314844