2 0.705 0.8305847076461769 0.0475 0.05847076461769116
2 0.3075 0.8200899550224887 0.01375 0.01649175412293853
2 0.26625 0.6296851574212894 0.01 0.01199400299850075
2 0.18 0.239880059970015 0.01 0.01199400299850075
2 0.1325 0.25037481259370314 0.03 0.026986506746626688
2 0.028125 0.2818590704647676 0.0475 0.053973013493253376
1 0.11125 0.4482758620689655 0.0525 0.04047976011994003
1 0.02625 0.5922038980509745 0.05125 0.10794602698650675
2 0.025 0.6191904047976012 0.015 0.01649175412293853
2 0.2575 0.7796101949025487 0.01 0.01199400299850075
0 0.28125 0.5217391304347826 0.02375 0.019490254872563718
0 0.28375 0.44677661169415295 0.0225 0.020989505247376312
0 0.27 0.3988005997001499 0.01875 0.0239880059970015
1 0.33625 0.1679160419790105 0.04625 0.08545727136431784
2 0.32875 0.1424287856071964 0.00625 0.005997001499250375
2 0.89875 0.1934032983508246 0.01 0.010494752623688156
0 0.87875 0.13043478260869565 0.0175 0.025487256371814093
1 0.865 0.26686656671664166 0.0625 0.08245877061469266
0 0.8375 0.20839580209895053 0.01875 0.020989505247376312
2 0.69625 0.3103448275862069 0.01 0.010494752623688156
2 0.70625 0.37031484257871067 0.01 0.01199400299850075
0 0.91875 0.3568215892053973 0.01375 0.019490254872563718
0 0.89875 0.3793103448275862 0.0175 0.019490254872563718
0 0.9225 0.4737631184407796 0.01375 0.01649175412293853
0 0.94375 0.4527736131934033 0.0175 0.0239880059970015
2 0.8975 0.4662668665667166 0.0075 0.0074962518740629685
2 0.905 0.487256371814093 0.00875 0.01199400299850075
1 0.97 0.5652173913043478 0.05125 0.10044977511244378
2 0.58125 0.3058470764617691 0.00375 0.005997001499250375
2 0.73875 0.545727136431784 0.01 0.01649175412293853
2 0.75625 0.6581709145427287 0.01 0.013493253373313344