2 0.470625 0.27511244377811095 0.01 0.010494752623688156
2 0.583125 0.28785607196401797 0.01125 0.013493253373313344
2 0.580625 0.3598200899550225 0.0125 0.01199400299850075
2 0.57375 0.5772113943028486 0.02 0.017991004497751123
2 0.566875 0.717391304347826 0.015 0.017991004497751123
1 0.399375 0.21139430284857572 0.03 0.07196401799100449
0 0.774375 0.18515742128935533 0.02 0.025487256371814093
2 0.83125 0.15892053973013492 0.01375 0.013493253373313344
2 0.83875 0.2181409295352324 0.01375 0.013493253373313344
1 0.79 0.24212893553223389 0.0725 0.05697151424287856
2 0.77875 0.24062968515742128 0.00875 0.01199400299850075
0 0.8225 0.507496251874063 0.02125 0.022488755622188907
0 0.8125 0.3868065967016492 0.0175 0.020989505247376312
2 0.795 0.49325337331334335 0.015 0.01199400299850075
2 0.795625 0.5187406296851574 0.01 0.013493253373313344
2 0.249375 0.9767616191904048 0.07875 0.043478260869565216
0 0.823125 0.08245877061469266 0.0275 0.031484257871064465
1 0.3475 0.7571214392803598 0.07125 0.08095952023988005
2 0.395 0.2368815592203898 0.01 0.0074962518740629685
2 0.456875 0.20689655172413793 0.00875 0.0074962518740629685
1 0.66625 0.15292353823088456 0.0475 0.09895052473763119
1 0.72625 0.15817091454272864 0.05125 0.08995502248875563
0 0.88875 0.7556221889055472 0.03375 0.03298350824587706