0 0.13875 0.029985007496251874 0.02625 0.03298350824587706
2 0.13125 0.11394302848575712 0.01375 0.01649175412293853
2 0.12375 0.17691154422788605 0.015 0.01649175412293853
2 0.16375 0.6251874062968515 0.03875 0.1469265367316342
0 0.18 0.47226386806596704 0.03125 0.025487256371814093
0 0.54625 0.20089955022488756 0.01625 0.031484257871064465
2 0.55125 0.25787106446776614 0.01125 0.01199400299850075
2 0.56 0.335832083958021 0.015 0.019490254872563718
2 0.59 0.5667166416791605 0.01625 0.020989505247376312
2 0.60875 0.7166416791604198 0.015 0.017991004497751123
2 0.46625 0.09145427286356822 0.025 0.0239880059970015
2 0.47125 0.15142428785607195 0.02 0.020989505247376312
2 0.6175 0.15892053973013492 0.01875 0.017991004497751123
2 0.625 0.10344827586206896 0.02 0.019490254872563718
1 0.75625 0.4362818590704648 0.03125 0.07196401799100449
0 0.31875 0.13343328335832083 0.02375 0.0239880059970015
0 0.82125 0.5667166416791605 0.02375 0.029985007496251874
2 0.81375 0.5292353823088456 0.015 0.017991004497751123
2 0.54125 0.11394302848575712 0.10125 0.07196401799100449
2 0.14125 0.5007496251874063 0.01375 0.020989505247376312
3 0.7025 0.19490254872563717 0.01875 0.0239880059970015
3 0.71375 0.1679160419790105 0.01875 0.019490254872563718
3 0.7225 0.13343328335832083 0.01625 0.026986506746626688
0 0.74 0.1889055472263868 0.0125 0.022488755622188907
0 0.08375 0.7586206896551724 0.02875 0.03298350824587706