2 0.371875 0.655688622754491 0.05 0.0658682634730539
2 0.518125 0.6788922155688623 0.03125 0.03592814371257485
0 0.93375 0.6302395209580839 0.0575 0.05389221556886228
2 0.198125 0.8151197604790419 0.19375 0.09281437125748503
0 0.0475 0.5965568862275449 0.0675 0.09880239520958084
2 0.38125 0.49101796407185627 0.03375 0.038922155688622756
2 0.38875 0.2934131736526946 0.0275 0.025449101796407185
0 0.661875 0.040419161676646706 0.03125 0.023952095808383235
0 0.81125 0.05389221556886228 0.025 0.02844311377245509
2 0.401875 0.1092814371257485 0.025 0.019461077844311378
2 0.401875 0.05389221556886228 0.0125 0.014970059880239521
2 0.47 0.04341317365269461 0.02 0.01347305389221557
2 0.355625 0.04491017964071856 0.025 0.016467065868263474
2 0.33625 0.09730538922155689 0.02375 0.025449101796407185
2 0.354375 0.17140718562874252 0.02125 0.025449101796407185
2 0.5 0.16167664670658682 0.02375 0.025449101796407185
2 0.496875 0.08532934131736528 0.02 0.020958083832335328
2 0.33125 0.18488023952095808 0.00875 0.011976047904191617
3 0.246875 0.12350299401197605 0.01875 0.03143712574850299
3 0.26 0.17140718562874252 0.01375 0.02844311377245509
3 0.26875 0.20658682634730538 0.01375 0.02844311377245509
1 0.18625 0.2851796407185629 0.06125 0.13323353293413173
2 0.195 0.49101796407185627 0.01125 0.019461077844311378
0 0.22 0.050149700598802395 0.025 0.025449101796407185
2 0.441875 0.8540419161676647 0.02 0.017964071856287425
2 0.8 0.8585329341317365 0.01875 0.020958083832335328
2 0.940625 0.5022455089820359 0.02 0.023952095808383235
0 0.191875 0.531437125748503 0.02875 0.040419161676646706