0 0.424375 0.3020989505247376 0.025 0.034482758620689655
2 0.38625 0.31259370314842577 0.0225 0.019490254872563718
0 0.3475 0.3103448275862069 0.025 0.031484257871064465
2 0.401875 0.3538230884557721 0.01125 0.013493253373313344
0 0.421875 0.3808095952023988 0.025 0.031484257871064465
2 0.179375 0.7811094452773614 0.01125 0.014992503748125937
2 0.139375 0.7668665667166417 0.00875 0.014992503748125937
3 0.781875 0.7128935532233883 0.015 0.07946026986506746
3 0.829375 0.7346326836581709 0.0175 0.08245877061469266
3 0.48125 0.3403298350824588 0.01125 0.044977511244377814
3 0.6675 0.32608695652173914 0.02125 0.04047976011994003
3 0.195 0.48050974512743627 0.04 0.10344827586206896
2 0.20125 0.4752623688155922 0.03 0.025487256371814093
2 0.3875 0.25337331334332835 0.0425 0.041979010494752625
3 0.206875 0.7653673163418291 0.0125 0.017991004497751123
3 0.140625 0.8418290854572713 0.025 0.05547226386806597
3 0.79 0.7653673163418291 0.1175 0.0239880059970015
2 0.35625 0.06671664167916042 0.065 0.07496251874062969
3 0.45125 0.25862068965517243 0.0175 0.034482758620689655
3 0.451875 0.20389805097451275 0.015 0.031484257871064465
2 0.693125 0.8170914542728636 0.02875 0.026986506746626688
2 0.711875 0.9760119940029985 0.0275 0.031484257871064465
2 0.550625 0.44677661169415295 0.06 0.05997001499250375
2 0.491875 0.36881559220389803 0.0125 0.008995502248875561
2 0.48625 0.2518740629685157 0.01 0.008995502248875561
3 0.39 0.7421289355322339 0.03375 0.013493253373313344
3 0.29625 0.732383808095952 0.02875 0.020989505247376312
1 0.6225 0.48950524737631185 0.07125 0.1409295352323838