0 0.466875 0.3095952023988006 0.025 0.03298350824587706
2 0.42625 0.32458770614692656 0.0225 0.019490254872563718
0 0.3875 0.328335832083958 0.025 0.029985007496251874
2 0.431875 0.36431784107946025 0.01125 0.01199400299850075
0 0.446875 0.38830584707646176 0.025 0.029985007496251874
2 0.109375 0.8290854572713643 0.01125 0.013493253373313344
2 0.071875 0.8193403298350824 0.00875 0.013493253373313344
3 0.739375 0.6784107946026986 0.015 0.07796101949025487
3 0.781875 0.6941529235382309 0.0175 0.08095952023988005
3 0.51625 0.3403298350824588 0.01125 0.043478260869565216
3 0.71 0.30059970014992504 0.02125 0.038980509745127435
3 0.195 0.5209895052473763 0.04 0.10044977511244378
2 0.20125 0.5157421289355323 0.03 0.025487256371814093
2 0.44 0.2653673163418291 0.0425 0.04047976011994003
3 0.141875 0.8088455772113943 0.0125 0.017991004497751123
3 0.058125 0.8943028485757122 0.025 0.053973013493253376
3 0.735 0.7308845577211395 0.1175 0.0239880059970015
2 0.45125 0.07871064467766117 0.065 0.07196401799100449
3 0.50375 0.2616191904047976 0.0175 0.03298350824587706
3 0.516875 0.20689655172413793 0.015 0.029985007496251874
2 0.625625 0.7946026986506747 0.02875 0.026986506746626688
2 0.609375 0.9535232383808095 0.0275 0.029985007496251874
2 0.563125 0.43928035982008995 0.06 0.05847076461769116
2 0.521875 0.36881559220389803 0.0125 0.008995502248875561
2 0.54125 0.25037481259370314 0.01 0.008995502248875561
3 0.335 0.760119940029985 0.03375 0.01199400299850075
3 0.24125 0.7623688155922039 0.02875 0.020989505247376312
1 0.6275 0.47301349325337333 0.07125 0.13793103448275862