2 0.21875 0.29985007496251875 0.02625 0.026986506746626688
2 0.473125 0.5719640179910045 0.02125 0.017991004497751123
3 0.45875 0.5854572713643178 0.0375 0.07646176911544228
3 0.49625 0.618440779610195 0.1175 0.031484257871064465
1 0.763125 0.22563718140929534 0.145 0.22788605697151423
0 0.725 0.30359820089955025 0.03375 0.026986506746626688
0 0.790625 0.23163418290854573 0.04 0.026986506746626688
0 0.774375 0.1401799100449775 0.03625 0.034482758620689655
0 0.7175 0.22113943028485758 0.03 0.022488755622188907
2 0.75625 0.18440779610194902 0.0175 0.020989505247376312
2 0.744375 0.25037481259370314 0.01125 0.014992503748125937
2 0.775 0.2128935532233883 0.01125 0.014992503748125937
2 0.76375 0.27436281859070466 0.015 0.0239880059970015
2 0.8825 0.27886056971514245 0.01 0.01199400299850075
1 0.40125 0.07571214392803598 0.02875 0.0734632683658171
1 0.615 0.07421289355322339 0.055 0.12893553223388307
2 0.60625 0.10344827586206896 0.00875 0.008995502248875561
2 0.40375 0.06671664167916042 0.01125 0.008995502248875561
3 0.628125 0.023238380809595203 0.0275 0.014992503748125937
2 0.59375 0.12743628185907047 0.00875 0.010494752623688156
2 0.655625 0.36431784107946025 0.01 0.010494752623688156
2 0.6425 0.13493253373313344 0.00375 0.005997001499250375
3 0.628125 0.11544227886056972 0.01625 0.03298350824587706
3 0.6475 0.841079460269865 0.02 0.049475262368815595
2 0.640625 0.7743628185907047 0.005 0.0074962518740629685
2 0.666875 0.7713643178410795 0.00875 0.008995502248875561
3 0.24125 0.5007496251874063 0.03 0.09745127436281859
2 0.184375 0.651424287856072 0.01375 0.01199400299850075