0 0.1975 0.06596701649175413 0.02625 0.03298350824587706
2 0.17875 0.14992503748125938 0.01375 0.01649175412293853
2 0.16375 0.2158920539730135 0.015 0.01649175412293853
2 0.14625 0.6611694152923538 0.03875 0.1469265367316342
0 0.1825 0.5052473763118441 0.03 0.025487256371814093
0 0.585 0.19490254872563717 0.01625 0.031484257871064465
2 0.58375 0.2518740629685157 0.01 0.01199400299850075
2 0.5825 0.3268365817091454 0.015 0.019490254872563718
2 0.58125 0.5577211394302849 0.01625 0.020989505247376312
2 0.58125 0.7076461769115442 0.015 0.017991004497751123
2 0.51875 0.09145427286356822 0.025 0.0239880059970015
2 0.5175 0.15142428785607195 0.02 0.020989505247376312
2 0.66375 0.14392803598200898 0.01875 0.017991004497751123
2 0.6775 0.08545727136431784 0.02 0.019490254872563718
1 0.76625 0.40929535232383807 0.03 0.07196401799100449
0 0.365 0.15142428785607195 0.02375 0.0239880059970015
0 0.815 0.5337331334332833 0.02375 0.029985007496251874
2 0.81125 0.4962518740629685 0.015 0.017991004497751123
2 0.59125 0.10794602698650675 0.09875 0.07196401799100449
2 0.13875 0.5397301349325337 0.01375 0.020989505247376312
3 0.74375 0.17091454272863568 0.01875 0.0239880059970015
3 0.7575 0.14392803598200898 0.01875 0.019490254872563718
3 0.7725 0.10644677661169415 0.01625 0.026986506746626688
0 0.78125 0.1619190404797601 0.0125 0.022488755622188907
0 0.04625 0.8065967016491754 0.0275 0.03298350824587706