2 0.675 0.841079460269865 0.05125 0.05997001499250375
2 0.2825 0.8118440779610195 0.015 0.01649175412293853
2 0.258125 0.6199400299850075 0.01125 0.01199400299850075
2 0.204375 0.22488755622188905 0.01125 0.01199400299850075
2 0.156875 0.23463268365817092 0.03375 0.02848575712143928
2 0.050625 0.2623688155922039 0.05125 0.05547226386806597
1 0.11875 0.431784107946027 0.05625 0.041979010494752625
1 0.025625 0.5734632683658171 0.05125 0.11244377811094453
2 0.01875 0.5989505247376312 0.01625 0.01649175412293853
2 0.23625 0.7713643178410795 0.01125 0.01199400299850075
0 0.28125 0.512743628185907 0.025 0.020989505247376312
0 0.289375 0.43778110944527737 0.02375 0.022488755622188907
0 0.279375 0.38905547226386805 0.02125 0.025487256371814093
1 0.36625 0.16116941529235382 0.05125 0.08695652173913043
2 0.360625 0.13493253373313344 0.00625 0.005997001499250375
2 0.921875 0.2098950524737631 0.01125 0.010494752623688156
0 0.9075 0.1446776611694153 0.02 0.025487256371814093
1 0.8825 0.2818590704647676 0.06875 0.08545727136431784
0 0.85875 0.22263868065967016 0.02 0.022488755622188907
2 0.71 0.31859070464767614 0.01125 0.010494752623688156
2 0.715625 0.3785607196401799 0.01125 0.01199400299850075
0 0.926875 0.3740629685157421 0.015 0.019490254872563718
0 0.90625 0.39580209895052476 0.01875 0.019490254872563718
0 0.92125 0.4917541229385307 0.015 0.01649175412293853
0 0.944375 0.4715142428785607 0.02 0.0239880059970015
2 0.8975 0.4827586206896552 0.0075 0.0074962518740629685
2 0.901875 0.5044977511244377 0.01 0.01199400299850075
1 0.959375 0.5847076461769115 0.05625 0.10194902548725637
2 0.596875 0.30884557721139433 0.00375 0.005997001499250375
2 0.733125 0.5569715142428786 0.01125 0.01649175412293853
2 0.74125 0.6686656671664168 0.01125 0.013493253373313344