0 0.02625 0.7113943028485757 0.05125 0.050974512743628186
2 0.520625 0.4827586206896552 0.0425 0.047976011994003
3 0.448125 0.6806596701649176 0.0375 0.15892053973013492
3 0.575625 0.6551724137931034 0.0625 0.1424287856071964
2 0.855625 0.6739130434782609 0.0175 0.020989505247376312
2 0.3875 0.17091454272863568 0.00875 0.008995502248875561
2 0.468125 0.1889055472263868 0.01 0.010494752623688156
2 0.466875 0.21739130434782608 0.01 0.0074962518740629685
1 0.46375 0.16266866566716642 0.05 0.16041979010494753
1 0.390625 0.13343328335832083 0.04 0.10644677661169415
1 0.31375 0.22263868065967016 0.075 0.05847076461769116
2 0.32125 0.22413793103448276 0.0175 0.013493253373313344
2 0.31375 0.2811094452773613 0.0125 0.010494752623688156
2 0.2975 0.32233883058470764 0.0125 0.01199400299850075
2 0.199375 0.348575712143928 0.015 0.013493253373313344
2 0.186875 0.3748125937031484 0.01625 0.01199400299850075
0 0.315 0.08770614692653673 0.03 0.025487256371814093
0 0.171875 0.11694152923538231 0.02875 0.026986506746626688
0 0.188125 0.452023988005997 0.0275 0.031484257871064465
0 0.240625 0.3395802098950525 0.0275 0.03298350824587706
2 0.178125 0.5382308845577212 0.0175 0.025487256371814093
2 0.5325 0.3028485757121439 0.03375 0.029985007496251874
2 0.53875 0.11169415292353824 0.02 0.01199400299850075
2 0.538125 0.06146926536731634 0.0125 0.008995502248875561
2 0.9175 0.22188905547226387 0.02625 0.020989505247376312
2 0.676875 0.0029985007496251873 0.01125 0.005997001499250375
1 0.748125 0.212143928035982 0.0525 0.07496251874062969
2 0.75 0.20164917541229385 0.01375 0.010494752623688156
2 0.2875 0.15367316341829085 0.00875 0.008995502248875561
2 0.281875 0.16941529235382308 0.01375 0.013493253373313344
2 0.35 0.8778110944527736 0.01625 0.008995502248875561