2 0.420625 0.27320359281437123 0.01 0.010479041916167664
2 0.535625 0.28892215568862273 0.01125 0.01347305389221557
2 0.550625 0.36077844311377244 0.0125 0.011976047904191617
2 0.59125 0.5778443113772455 0.02 0.017964071856287425
2 0.616875 0.719311377245509 0.015 0.017964071856287425
1 0.334375 0.20808383233532934 0.03 0.07035928143712575
0 0.706875 0.19086826347305388 0.02 0.025449101796407185
2 0.75625 0.1661676646706587 0.01375 0.01347305389221557
2 0.77875 0.2252994011976048 0.01375 0.01347305389221557
1 0.735 0.24925149700598803 0.0725 0.05538922155688623
2 0.72125 0.24625748502994013 0.00875 0.011976047904191617
0 0.825 0.5157185628742516 0.02125 0.02245508982035928
0 0.79 0.3937125748502994 0.0175 0.020958083832335328
2 0.795 0.5 0.015 0.011976047904191617
2 0.800625 0.5254491017964071 0.01 0.01347305389221557
2 0.35375 0.9730538922155688 0.0775 0.04790419161676647
0 0.733125 0.08982035928143713 0.0275 0.029940119760479042
1 0.405 0.7529940119760479 0.07125 0.07934131736526946
2 0.335 0.23353293413173654 0.01 0.0074850299401197605
2 0.391875 0.20508982035928144 0.00875 0.0074850299401197605
1 0.58875 0.15568862275449102 0.0475 0.09580838323353294
1 0.65125 0.1624251497005988 0.05125 0.08682634730538923
0 0.94875 0.7649700598802395 0.03375 0.03143712574850299