0 0.4725 0.30434782608695654 0.025 0.034482758620689655
0 0.391875 0.31259370314842577 0.025 0.031484257871064465
0 0.45 0.3815592203898051 0.025 0.031484257871064465
2 0.10625 0.7893553223388305 0.01125 0.013493253373313344
2 0.069375 0.775112443778111 0.0075 0.013493253373313344
3 0.7325 0.7068965517241379 0.0175 0.07496251874062969
3 0.775 0.7278860569715142 0.02 0.07946026986506746
3 0.519375 0.3403298350824588 0.0125 0.043478260869565216
3 0.711875 0.32083958020989506 0.02125 0.04047976011994003
3 0.196875 0.48575712143928035 0.04125 0.10044977511244378
2 0.204375 0.48200899550224885 0.03125 0.025487256371814093
3 0.138125 0.7721139430284858 0.01375 0.01649175412293853
3 0.053125 0.8493253373313343 0.025 0.053973013493253376
3 0.7275 0.7593703148425787 0.115 0.026986506746626688
3 0.509375 0.25862068965517243 0.01875 0.034482758620689655
3 0.523125 0.20539730134932535 0.01625 0.031484257871064465
2 0.6175 0.8110944527736131 0.03 0.026986506746626688
2 0.598125 0.9715142428785607 0.02875 0.031484257871064465
2 0.546875 0.25037481259370314 0.01 0.008995502248875561
3 0.330625 0.7451274362818591 0.0325 0.013493253373313344
3 0.236875 0.7361319340329835 0.03 0.020989505247376312
1 0.626875 0.48650674662668664 0.0725 0.13493253373313344