3 0.704375 0.4715142428785607 0.025 0.008995502248875561
3 0.629375 0.4662668665667166 0.01125 0.008995502248875561
3 0.775 0.48050974512743627 0.025 0.013493253373313344
3 0.615 0.44227886056971516 0.00875 0.01649175412293853
3 0.62375 0.3545727136431784 0.0125 0.019490254872563718
3 0.6325 0.2871064467766117 0.015 0.020989505247376312
3 0.64375 0.18140929535232383 0.01625 0.020989505247376312
3 0.54375 0.11394302848575712 0.02375 0.01649175412293853
3 0.45625 0.10794602698650675 0.015 0.01199400299850075
2 0.253125 0.15892053973013492 0.005 0.005997001499250375
2 0.301875 0.1671664167916042 0.01 0.010494752623688156
2 0.318125 0.06146926536731634 0.01375 0.013493253373313344
3 0.3325 0.15067466266866567 0.015 0.026986506746626688
2 0.18625 0.6266866566716641 0.0075 0.008995502248875561
3 0.211875 0.5502248875562219 0.01625 0.0734632683658171
3 0.285 0.49325337331334335 0.01625 0.022488755622188907
3 0.249375 0.7841079460269865 0.01625 0.020989505247376312
3 0.266875 0.6544227886056971 0.0225 0.034482758620689655
3 0.310625 0.31859070464767614 0.02125 0.029985007496251874
2 0.21875 0.38830584707646176 0.01125 0.010494752623688156
3 0.2375 0.3410794602698651 0.01125 0.03298350824587706
3 0.25625 0.21964017991004497 0.015 0.044977511244377814
3 0.283125 0.05472263868065967 0.01875 0.038980509745127435
2 0.731875 0.280359820089955 0.01875 0.022488755622188907
2 0.744375 0.1896551724137931 0.02 0.019490254872563718
3 0.798125 0.10344827586206896 0.05375 0.06296851574212893
3 0.72125 0.0704647676161919 0.0325 0.043478260869565216