0 0.436875 0.30164670658682635 0.02375 0.03293413173652695
2 0.3975 0.3106287425149701 0.02125 0.019461077844311378
0 0.35875 0.3068862275449102 0.02375 0.029940119760479042
2 0.410625 0.35179640718562877 0.01125 0.011976047904191617
0 0.429375 0.3787425149700599 0.02375 0.029940119760479042
2 0.156875 0.7739520958083832 0.01125 0.01347305389221557
2 0.118125 0.7597305389221557 0.0075 0.01347305389221557
3 0.769375 0.7148203592814372 0.015 0.07784431137724551
3 0.815625 0.7380239520958084 0.0175 0.08083832335329341
3 0.4925 0.3398203592814371 0.01125 0.04341317365269461
3 0.68 0.3285928143712575 0.02 0.038922155688622756
3 0.19375 0.47380239520958084 0.03875 0.10029940119760479
2 0.2 0.47005988023952094 0.03 0.025449101796407185
2 0.40375 0.25299401197604793 0.04125 0.040419161676646706
3 0.185625 0.7582335329341318 0.0125 0.017964071856287425
3 0.115 0.8330838323353293 0.02375 0.05389221556886228
3 0.77375 0.7672155688622755 0.11375 0.023952095808383235
2 0.385 0.0658682634730539 0.0625 0.0718562874251497
3 0.4675 0.25748502994011974 0.0175 0.03293413173652695
3 0.471875 0.20508982035928144 0.015 0.029940119760479042
2 0.673125 0.8158682634730539 0.02875 0.02694610778443114
2 0.681875 0.9745508982035929 0.02625 0.029940119760479042
2 0.554375 0.4476047904191617 0.0575 0.058383233532934134
2 0.500625 0.36826347305389223 0.0125 0.008982035928143712
2 0.5025 0.2522455089820359 0.01 0.008982035928143712
3 0.37375 0.7380239520958084 0.0325 0.011976047904191617
3 0.27875 0.7267964071856288 0.02875 0.020958083832335328
1 0.62375 0.48877245508982037 0.06875 0.1377245508982036