2 0.17875 0.2791916167664671 0.02375 0.02694610778443114
2 0.48625 0.5703592814371258 0.01875 0.017964071856287425
3 0.475 0.5815868263473054 0.0325 0.07934131736526946
3 0.519375 0.6182634730538922 0.11125 0.02694610778443114
1 0.710625 0.23952095808383234 0.13125 0.23502994011976047
0 0.686875 0.3166167664670659 0.03 0.02694610778443114
0 0.73875 0.24925149700598803 0.0375 0.02694610778443114
0 0.705625 0.15419161676646706 0.0325 0.0344311377245509
0 0.663125 0.23278443113772454 0.0275 0.02245508982035928
2 0.694375 0.19760479041916168 0.01625 0.020958083832335328
2 0.69625 0.2634730538922156 0.00875 0.016467065868263474
2 0.719375 0.2282934131736527 0.00875 0.016467065868263474
2 0.719375 0.2874251497005988 0.01375 0.023952095808383235
2 0.839375 0.3008982035928144 0.00875 0.01347305389221557
1 0.3175 0.06511976047904192 0.02625 0.07634730538922156
1 0.53125 0.07709580838323353 0.04875 0.1347305389221557
2 0.528125 0.10703592814371257 0.0075 0.008982035928143712
2 0.31875 0.05688622754491018 0.01 0.008982035928143712
3 0.535625 0.02694610778443114 0.02625 0.014970059880239521
2 0.520625 0.12949101796407186 0.0075 0.011976047904191617
2 0.629375 0.3727544910179641 0.00875 0.011976047904191617
2 0.571875 0.1407185628742515 0.00375 0.005988023952095809
3 0.553125 0.12125748502994012 0.015 0.03293413173652695
3 0.715 0.8517964071856288 0.0175 0.04940119760479042
2 0.695 0.7851796407185628 0.005 0.0074850299401197605
2 0.72125 0.7844311377245509 0.0075 0.008982035928143712
3 0.24 0.48278443113772457 0.02625 0.10029940119760479
2 0.21375 0.6317365269461078 0.01375 0.011976047904191617