2 0.458125 0.27961019490254874 0.01 0.01199400299850075
2 0.5725 0.2841079460269865 0.01125 0.014992503748125937
2 0.57375 0.3553223388305847 0.0125 0.013493253373313344
2 0.5775 0.5704647676161919 0.01875 0.019490254872563718
2 0.57875 0.7113943028485757 0.015 0.019490254872563718
1 0.38375 0.22113943028485758 0.03125 0.07796101949025487
0 0.76 0.1671664167916042 0.02 0.026986506746626688
2 0.81375 0.13793103448275862 0.01375 0.014992503748125937
2 0.825625 0.1956521739130435 0.01375 0.014992503748125937
1 0.7775 0.22263868065967016 0.07 0.06146926536731634
2 0.765 0.22188905547226387 0.0075 0.013493253373313344
0 0.823125 0.48425787106446777 0.02125 0.025487256371814093
0 0.808125 0.36356821589205396 0.0175 0.022488755622188907
2 0.795 0.4707646176911544 0.015 0.013493253373313344
2 0.796875 0.4955022488755622 0.01 0.014992503748125937
2 0.273125 0.9827586206896551 0.07625 0.031484257871064465
0 0.803125 0.06146926536731634 0.02875 0.034482758620689655
1 0.36125 0.7653673163418291 0.07 0.08695652173913043
2 0.38125 0.24737631184407796 0.01 0.0074962518740629685
2 0.44125 0.2128935532233883 0.0075 0.0074962518740629685
1 0.64875 0.1431784107946027 0.0475 0.10344827586206896
1 0.70875 0.1431784107946027 0.05125 0.0944527736131934
0 0.90375 0.7233883058470765 0.03375 0.035982008995502246