2 0.444375 0.27886056971514245 0.00875 0.010494752623688156
2 0.5575 0.2848575712143928 0.01125 0.014992503748125937
2 0.564375 0.356071964017991 0.0125 0.013493253373313344
2 0.583125 0.5704647676161919 0.02 0.019490254872563718
2 0.59375 0.7113943028485757 0.015 0.019490254872563718
1 0.364375 0.22113943028485758 0.03125 0.0734632683658171
0 0.739375 0.17091454272863568 0.02 0.026986506746626688
2 0.79125 0.1409295352323838 0.01375 0.014992503748125937
2 0.8075 0.19940029985007496 0.01375 0.014992503748125937
1 0.76125 0.22713643178410794 0.06875 0.05997001499250375
2 0.74875 0.22488755622188905 0.00875 0.01199400299850075
0 0.824375 0.487256371814093 0.02125 0.0239880059970015
0 0.80125 0.36806596701649175 0.01875 0.022488755622188907
2 0.795625 0.4745127436281859 0.015 0.013493253373313344
2 0.79875 0.5 0.01 0.013493253373313344
2 0.305 0.9805097451274363 0.075 0.035982008995502246
0 0.775625 0.06596701649175413 0.0275 0.03298350824587706
1 0.3775 0.7638680659670165 0.07 0.08395802098950525
2 0.363125 0.24737631184407796 0.00875 0.0074962518740629685
2 0.423125 0.2136431784107946 0.0075 0.0074962518740629685
1 0.625 0.1454272863568216 0.0475 0.10044977511244378
1 0.68625 0.14617691154422788 0.05125 0.09145427286356822
0 0.92125 0.7278860569715142 0.0325 0.035982008995502246