2 0.449375 0.2766116941529235 0.00875 0.010494752623688156
2 0.563125 0.2863568215892054 0.01 0.013493253373313344
2 0.568125 0.3583208395802099 0.01125 0.01199400299850075
2 0.58125 0.5742128935532234 0.0175 0.019490254872563718
2 0.588125 0.7158920539730135 0.01375 0.019490254872563718
1 0.371875 0.2158920539730135 0.0275 0.07496251874062969
0 0.746875 0.17766116941529236 0.0175 0.026986506746626688
2 0.8 0.15142428785607195 0.0125 0.013493253373313344
2 0.81375 0.20914542728635682 0.0125 0.013493253373313344
1 0.7675 0.23613193403298352 0.06625 0.05847076461769116
2 0.755 0.2331334332833583 0.0075 0.01199400299850075
0 0.82375 0.4985007496251874 0.01875 0.0239880059970015
0 0.80375 0.3778110944527736 0.01625 0.022488755622188907
2 0.795 0.48575712143928035 0.01375 0.01199400299850075
2 0.798125 0.5097451274362819 0.00875 0.013493253373313344
2 0.2925 0.9790104947526237 0.0725 0.038980509745127435
0 0.785625 0.07496251874062969 0.025 0.031484257871064465
1 0.37125 0.760119940029985 0.065 0.08395802098950525
2 0.37 0.2413793103448276 0.00875 0.0074962518740629685
2 0.429375 0.2098950524737631 0.0075 0.0074962518740629685
1 0.63375 0.14842578710644677 0.04375 0.10044977511244378
1 0.695 0.15217391304347827 0.0475 0.09145427286356822
0 0.91375 0.7436281859070465 0.03 0.03298350824587706