0 0.150625 0.025487256371814093 0.02875 0.034482758620689655
2 0.140625 0.10869565217391304 0.01375 0.014992503748125937
2 0.13125 0.1724137931034483 0.015 0.014992503748125937
2 0.16 0.6199400299850075 0.0425 0.1454272863568216
0 0.180625 0.4662668665667166 0.0325 0.025487256371814093
0 0.555 0.20239880059970014 0.0175 0.031484257871064465
2 0.559375 0.2593703148425787 0.01125 0.01199400299850075
2 0.565 0.335832083958021 0.015 0.017991004497751123
2 0.588125 0.5674662668665668 0.01625 0.019490254872563718
2 0.6025 0.7188905547226386 0.015 0.01649175412293853
2 0.478125 0.09145427286356822 0.02625 0.0239880059970015
2 0.48125 0.15142428785607195 0.02 0.020989505247376312
2 0.62875 0.1619190404797601 0.01875 0.01649175412293853
2 0.636875 0.10569715142428786 0.02 0.019490254872563718
1 0.759375 0.44152923538230887 0.03375 0.07196401799100449
0 0.328125 0.13193403298350825 0.025 0.0239880059970015
0 0.820625 0.5727136431784108 0.025 0.031484257871064465
2 0.814375 0.5344827586206896 0.015 0.01649175412293853
2 0.5525 0.11544227886056972 0.10375 0.07496251874062969
2 0.139375 0.4962518740629685 0.01375 0.019490254872563718
3 0.713125 0.19865067466266867 0.02 0.022488755622188907
3 0.72375 0.1724137931034483 0.01875 0.017991004497751123
3 0.734375 0.13793103448275862 0.0175 0.025487256371814093
0 0.749375 0.19415292353823088 0.0125 0.020989505247376312
0 0.074375 0.7518740629685158 0.03 0.034482758620689655