2 0.351875 0.6596701649175413 0.04875 0.06296851574212893
2 0.495 0.679160419790105 0.03 0.034482758620689655
0 0.91875 0.6191904047976012 0.055 0.050974512743628186
2 0.155625 0.8253373313343328 0.19 0.08545727136431784
0 0.03375 0.6101949025487257 0.065 0.095952023988006
2 0.38125 0.49400299850074963 0.0325 0.037481259370314844
2 0.415 0.29760119940029983 0.02625 0.025487256371814093
0 0.721875 0.034482758620689655 0.02875 0.0239880059970015
0 0.869375 0.043478260869565216 0.02375 0.02848575712143928
2 0.45125 0.11319340329835083 0.0225 0.019490254872563718
2 0.459375 0.05622188905547226 0.0125 0.01199400299850075
2 0.528125 0.04422788605697151 0.01875 0.01199400299850075
2 0.413125 0.047976011994003 0.02375 0.01649175412293853
2 0.388125 0.10119940029985007 0.0225 0.025487256371814093
2 0.395625 0.17541229385307347 0.02 0.025487256371814093
2 0.54375 0.1619190404797601 0.0225 0.025487256371814093
2 0.549375 0.08545727136431784 0.0175 0.019490254872563718
2 0.371875 0.1889055472263868 0.00875 0.010494752623688156
3 0.294375 0.13193403298350825 0.0175 0.02848575712143928
3 0.300625 0.17691154422788605 0.01375 0.02848575712143928
3 0.305 0.2136431784107946 0.01375 0.02848575712143928
1 0.2125 0.2938530734632684 0.05875 0.12743628185907047
2 0.195 0.5 0.01 0.019490254872563718
0 0.276875 0.05772113943028486 0.02375 0.025487256371814093
2 0.39625 0.8568215892053973 0.0175 0.01649175412293853
2 0.755625 0.8523238380809596 0.01625 0.019490254872563718
2 0.9425 0.48950524737631185 0.0175 0.022488755622188907
0 0.186875 0.5419790104947526 0.0275 0.038980509745127435