2 0.351875 0.6536731634182908 0.04875 0.06296851574212893
2 0.495625 0.679160419790105 0.03 0.034482758620689655
0 0.91875 0.6394302848575713 0.055 0.050974512743628186
2 0.1575 0.8095952023988006 0.18625 0.08845577211394302
0 0.03375 0.5869565217391305 0.065 0.0944527736131934
2 0.381875 0.48875562218890556 0.0325 0.037481259370314844
2 0.41375 0.2938530734632684 0.02625 0.0239880059970015
0 0.72 0.044977511244377814 0.03 0.022488755622188907
0 0.868125 0.05997001499250375 0.02375 0.026986506746626688
2 0.38625 0.095952023988006 0.0225 0.0239880059970015
2 0.394375 0.1701649175412294 0.02 0.0239880059970015
2 0.5425 0.16266866566716642 0.0225 0.0239880059970015
2 0.548125 0.08620689655172414 0.01875 0.019490254872563718
2 0.37 0.18215892053973012 0.00875 0.010494752623688156
3 0.2925 0.12143928035982009 0.0175 0.029985007496251874
3 0.299375 0.1686656671664168 0.01375 0.026986506746626688
3 0.304375 0.20314842578710646 0.01375 0.026986506746626688
1 0.211875 0.27961019490254874 0.05875 0.12593703148425786
2 0.195625 0.48425787106446777 0.01125 0.017991004497751123
0 0.275 0.046476761619190406 0.02375 0.0239880059970015
2 0.396875 0.8530734632683659 0.01875 0.01649175412293853
2 0.756875 0.863568215892054 0.0175 0.019490254872563718
2 0.941875 0.5104947526236882 0.01875 0.022488755622188907
0 0.18625 0.527736131934033 0.0275 0.038980509745127435