0 0.04875 0.6482035928143712 0.0475 0.04491017964071856
2 0.51875 0.48502994011976047 0.03875 0.041916167664670656
3 0.47 0.6751497005988024 0.02625 0.1497005988023952
3 0.59625 0.6661676646706587 0.0525 0.13023952095808383
2 0.88125 0.7230538922155688 0.01625 0.017964071856287425
2 0.34375 0.15119760479041916 0.0075 0.008982035928143712
2 0.4275 0.18113772455089822 0.01 0.010479041916167664
2 0.43125 0.20958083832335328 0.01 0.0074850299401197605
1 0.42 0.15269461077844312 0.03875 0.1497005988023952
1 0.3425 0.11377245508982035 0.03375 0.09730538922155689
1 0.27625 0.19311377245508982 0.07 0.04940119760479042
2 0.28375 0.19461077844311378 0.01625 0.011976047904191617
2 0.2825 0.25149700598802394 0.0125 0.008982035928143712
2 0.2725 0.29191616766467066 0.0125 0.010479041916167664
2 0.17625 0.30538922155688625 0.01375 0.011976047904191617
2 0.1675 0.32934131736526945 0.01625 0.010479041916167664
0 0.26 0.05688622754491018 0.02875 0.02245508982035928
0 0.11875 0.06736526946107785 0.02625 0.023952095808383235
0 0.17875 0.4086826347305389 0.025 0.02844311377245509
0 0.21625 0.3008982035928144 0.025 0.029940119760479042
2 0.18 0.4940119760479042 0.01625 0.02245508982035928
2 0.50625 0.30389221556886226 0.03125 0.025449101796407185
2 0.48875 0.1122754491017964 0.01875 0.010479041916167664
2 0.4825 0.061377245508982034 0.0125 0.0074850299401197605
2 0.88625 0.2754491017964072 0.02375 0.017964071856287425
2 0.61375 0.016467065868263474 0.01 0.010479041916167664
1 0.71375 0.24251497005988024 0.0475 0.06736526946107785
2 0.715 0.23203592814371257 0.01375 0.008982035928143712
2 0.24 0.11976047904191617 0.0075 0.008982035928143712
2 0.23625 0.1347305389221557 0.0125 0.011976047904191617
2 0.39625 0.8607784431137725 0.01625 0.0074850299401197605