0 0.0225 0.6326836581709145 0.045 0.050974512743628186
2 0.521875 0.487256371814093 0.04125 0.044977511244377814
3 0.43125 0.6746626686656672 0.035 0.15592203898050974
3 0.5575 0.6709145427286357 0.06 0.136431784107946
2 0.8275 0.7376311844077961 0.0175 0.019490254872563718
2 0.425625 0.1469265367316342 0.00875 0.008995502248875561
2 0.50125 0.18065967016491755 0.01 0.010494752623688156
2 0.4975 0.20914542728635682 0.01 0.0074962518740629685
1 0.5 0.15142428785607195 0.0475 0.15592203898050974
1 0.431875 0.10944527736131934 0.03875 0.10194902548725637
1 0.3475 0.18590704647676162 0.075 0.05547226386806597
2 0.355 0.1874062968515742 0.01625 0.013493253373313344
2 0.34125 0.24437781109445278 0.0125 0.008995502248875561
2 0.321875 0.2856071964017991 0.0125 0.010494752623688156
2 0.22375 0.2946026986506747 0.01375 0.013493253373313344
2 0.209375 0.3193403298350825 0.01625 0.01199400299850075
0 0.363125 0.04872563718140929 0.03 0.0239880059970015
0 0.220625 0.05547226386806597 0.02875 0.025487256371814093
0 0.201875 0.3988005997001499 0.0275 0.031484257871064465
0 0.26375 0.29235382308845576 0.0275 0.03298350824587706
2 0.183125 0.4835082458770615 0.0175 0.0239880059970015
2 0.55125 0.30434782608695654 0.03375 0.026986506746626688
2 0.576875 0.11244377811094453 0.02 0.01199400299850075
2 0.583125 0.06146926536731634 0.0125 0.0074962518740629685
2 0.934375 0.2908545727136432 0.02625 0.019490254872563718
2 0.723125 0.021739130434782608 0.01 0.010494752623688156
1 0.770625 0.2518740629685157 0.05125 0.07196401799100449
2 0.77375 0.2413793103448276 0.01375 0.010494752623688156
2 0.329375 0.11169415292353824 0.00875 0.008995502248875561
2 0.3225 0.12668665667166418 0.0125 0.01199400299850075
2 0.315625 0.8575712143928036 0.01625 0.008995502248875561