2 0.3525 0.6611694152923538 0.05 0.05997001499250375
2 0.49625 0.679160419790105 0.03 0.031484257871064465
0 0.920625 0.6146926536731634 0.05625 0.047976011994003
2 0.1575 0.828335832083958 0.195 0.07796101949025487
0 0.033125 0.6139430284857571 0.06625 0.08995502248875563
2 0.38125 0.4955022488755622 0.0325 0.034482758620689655
2 0.413125 0.29910044977511246 0.02625 0.022488755622188907
0 0.719375 0.03373313343328336 0.03 0.020989505247376312
0 0.866875 0.04047976011994003 0.02375 0.025487256371814093
2 0.385625 0.10344827586206896 0.0225 0.022488755622188907
2 0.3925 0.17616191904047976 0.02 0.022488755622188907
2 0.54125 0.16116941529235382 0.0225 0.022488755622188907
2 0.54625 0.08470764617691154 0.01875 0.017991004497751123
2 0.369375 0.1904047976011994 0.00875 0.010494752623688156
3 0.290625 0.13343328335832083 0.0175 0.026986506746626688
3 0.2975 0.17991004497751126 0.01375 0.026986506746626688
3 0.303125 0.2158920539730135 0.01375 0.026986506746626688
1 0.210625 0.29685157421289354 0.0575 0.12143928035982009
2 0.195 0.5029985007496252 0.01 0.017991004497751123
0 0.27375 0.060719640179910044 0.02375 0.022488755622188907
2 0.3975 0.8575712143928036 0.01875 0.014992503748125937
2 0.75875 0.848575712143928 0.0175 0.017991004497751123
2 0.94375 0.48575712143928035 0.01875 0.020989505247376312
0 0.185625 0.5449775112443778 0.0275 0.035982008995502246