2 0.345 0.6536731634182908 0.05125 0.06446776611694154
2 0.486875 0.679160419790105 0.03125 0.035982008995502246
0 0.910625 0.636431784107946 0.0575 0.053973013493253376
2 0.141875 0.8110944527736131 0.195 0.09295352323838081
0 0.033125 0.5914542728635682 0.06625 0.10044977511244378
2 0.381875 0.48950524737631185 0.035 0.038980509745127435
2 0.424375 0.2938530734632684 0.0275 0.025487256371814093
0 0.7425 0.043478260869565216 0.03125 0.025487256371814093
0 0.890625 0.05847076461769116 0.025 0.02848575712143928
2 0.47 0.11094452773613193 0.025 0.019490254872563718
2 0.48 0.05247376311844078 0.01375 0.013493253373313344
2 0.54875 0.044977511244377814 0.02 0.01199400299850075
2 0.435 0.04422788605697151 0.02625 0.01649175412293853
2 0.4075 0.0967016491754123 0.02375 0.025487256371814093
2 0.411875 0.17091454272863568 0.02125 0.025487256371814093
2 0.559375 0.1619190404797601 0.02375 0.025487256371814093
2 0.56875 0.08620689655172414 0.02 0.020989505247376312
2 0.3875 0.18215892053973012 0.00875 0.010494752623688156
3 0.313125 0.12143928035982009 0.01875 0.029985007496251874
3 0.316875 0.1686656671664168 0.01375 0.029985007496251874
3 0.32 0.20539730134932535 0.01375 0.029985007496251874
1 0.224375 0.2811094452773613 0.0625 0.13043478260869565
2 0.1975 0.487256371814093 0.01125 0.020989505247376312
0 0.29875 0.047976011994003 0.025 0.025487256371814093
2 0.379375 0.8538230884557722 0.02 0.017991004497751123
2 0.7375 0.8628185907046477 0.01875 0.020989505247376312
2 0.940625 0.507496251874063 0.02 0.0239880059970015
0 0.18625 0.5284857571214393 0.03 0.038980509745127435