0 0.473125 0.30359820089955025 0.02625 0.03298350824587706
2 0.431875 0.3140929535232384 0.02125 0.019490254872563718
0 0.393125 0.31259370314842577 0.02625 0.029985007496251874
2 0.436875 0.3553223388305847 0.01125 0.01199400299850075
0 0.450625 0.3815592203898051 0.02625 0.029985007496251874
2 0.105 0.7871064467766117 0.01125 0.013493253373313344
2 0.068125 0.7728635682158921 0.00875 0.013493253373313344
3 0.733125 0.7076461769115442 0.01625 0.0734632683658171
3 0.775 0.7293853073463268 0.01875 0.07646176911544228
3 0.520625 0.3403298350824588 0.0125 0.041979010494752625
3 0.7125 0.3230884557721139 0.02125 0.038980509745127435
3 0.19625 0.48500749625187406 0.04125 0.09745127436281859
2 0.203125 0.48050974512743627 0.03125 0.025487256371814093
2 0.446875 0.2563718140929535 0.04375 0.038980509745127435
3 0.136875 0.7698650674662668 0.0125 0.01649175412293853
3 0.050625 0.8478260869565217 0.025 0.05247376311844078
3 0.7275 0.760119940029985 0.11625 0.025487256371814093
2 0.4625 0.068215892053973 0.065 0.0704647676161919
3 0.510625 0.25862068965517243 0.01875 0.031484257871064465
3 0.525 0.20539730134932535 0.01625 0.02848575712143928
2 0.6175 0.8125937031484258 0.03 0.026986506746626688
2 0.59625 0.9715142428785607 0.02875 0.029985007496251874
2 0.564375 0.4460269865067466 0.05875 0.05547226386806597
2 0.525 0.3695652173913043 0.0125 0.008995502248875561
2 0.5475 0.25112443778110943 0.01 0.008995502248875561
3 0.329375 0.7436281859070465 0.0325 0.013493253373313344
3 0.236875 0.7353823088455772 0.02875 0.020989505247376312
1 0.626875 0.48650674662668664 0.0725 0.13193403298350825