2 0.67875 0.8260869565217391 0.0525 0.05997001499250375
2 0.283125 0.8223388305847077 0.015 0.01649175412293853
2 0.256875 0.6341829085457271 0.01125 0.01199400299850075
2 0.20125 0.24662668665667167 0.01125 0.01199400299850075
2 0.1525 0.25787106446776614 0.03375 0.026986506746626688
2 0.048125 0.29235382308845576 0.04875 0.05697151424287856
1 0.11625 0.45652173913043476 0.0575 0.041979010494752625
1 0.025 0.6026986506746627 0.05 0.11094452773613193
2 0.01625 0.6289355322338831 0.01625 0.01649175412293853
2 0.23625 0.7848575712143928 0.01125 0.01199400299850075
2 0.921875 0.18515742128935533 0.01125 0.010494752623688156
0 0.9075 0.12293853073463268 0.02 0.025487256371814093
1 0.883125 0.2593703148425787 0.07 0.08395802098950525
0 0.86 0.20164917541229385 0.02125 0.020989505247376312
2 0.71 0.3065967016491754 0.01125 0.010494752623688156
2 0.715625 0.3658170914542729 0.01125 0.01199400299850075
0 0.929375 0.34782608695652173 0.015 0.019490254872563718
0 0.90875 0.37106446776611696 0.02 0.019490254872563718
0 0.92375 0.46476761619190404 0.015 0.01649175412293853
0 0.946875 0.44377811094452774 0.02 0.0239880059970015
1 0.96375 0.5554722638680659 0.0575 0.10194902548725637
2 0.59625 0.30434782608695654 0.00375 0.005997001499250375
2 0.734375 0.54047976011994 0.01125 0.01649175412293853
2 0.74375 0.6529235382308846 0.01125 0.013493253373313344