0 0.14875 0.014992503748125937 0.03 0.029985007496251874
2 0.13875 0.09295352323838081 0.015 0.017991004497751123
2 0.13 0.15667166416791603 0.01625 0.017991004497751123
2 0.159375 0.6019490254872564 0.04625 0.14842578710644677
0 0.179375 0.452023988005997 0.0325 0.026986506746626688
0 0.554375 0.20689655172413793 0.0175 0.03298350824587706
2 0.558125 0.2638680659670165 0.01125 0.01199400299850075
2 0.565 0.3403298350824588 0.01625 0.020989505247376312
2 0.588125 0.5719640179910045 0.0175 0.022488755622188907
2 0.603125 0.7218890554722639 0.01625 0.019490254872563718
2 0.476875 0.09295352323838081 0.0275 0.025487256371814093
2 0.48 0.15142428785607195 0.02125 0.022488755622188907
2 0.6275 0.1701649175412294 0.02 0.019490254872563718
2 0.63625 0.11394302848575712 0.02125 0.020989505247376312
1 0.759375 0.4527736131934033 0.03375 0.07496251874062969
0 0.326875 0.12593703148425786 0.02625 0.025487256371814093
0 0.82125 0.5862068965517241 0.02625 0.031484257871064465
2 0.81375 0.5487256371814093 0.01625 0.019490254872563718
2 0.551875 0.1206896551724138 0.105 0.07946026986506746
2 0.139375 0.4782608695652174 0.015 0.022488755622188907
3 0.7125 0.21139430284857572 0.02 0.025487256371814093
3 0.723125 0.18515742128935533 0.02 0.020989505247376312
3 0.73375 0.15142428785607195 0.0175 0.02848575712143928
0 0.74875 0.20764617691154422 0.01375 0.022488755622188907
0 0.074375 0.7308845577211395 0.03 0.034482758620689655