2 0.10125 0.7983508245877061 0.01125 0.013493253373313344
2 0.064375 0.7871064467766117 0.00875 0.013493253373313344
3 0.72875 0.699400299850075 0.0175 0.07796101949025487
3 0.77125 0.7203898050974513 0.02 0.08245877061469266
3 0.523125 0.3403298350824588 0.0125 0.043478260869565216
3 0.198125 0.4947526236881559 0.0425 0.10194902548725637
2 0.204375 0.4910044977511244 0.03125 0.026986506746626688
3 0.134375 0.7811094452773614 0.01375 0.017991004497751123
3 0.046875 0.861319340329835 0.02625 0.05547226386806597
3 0.7225 0.7518740629685158 0.1175 0.02848575712143928
2 0.6125 0.808095952023988 0.03 0.02848575712143928
2 0.589375 0.967016491754123 0.02875 0.031484257871064465
3 0.325625 0.7481259370314842 0.0325 0.013493253373313344
3 0.233125 0.7436281859070465 0.03 0.022488755622188907
1 0.626875 0.4835082458770615 0.07375 0.13943028485757122