0 0.443125 0.30164670658682635 0.025 0.0344311377245509
2 0.415625 0.3532934131736527 0.01 0.011976047904191617
0 0.433125 0.37949101796407186 0.025 0.03143712574850299
2 0.1475 0.7754491017964071 0.01 0.01347305389221557
2 0.108125 0.7612275449101796 0.0075 0.01347305389221557
3 0.763125 0.7125748502994012 0.01625 0.0748502994011976
3 0.80875 0.7357784431137725 0.01875 0.07784431137724551
3 0.496875 0.3398203592814371 0.0125 0.04341317365269461
3 0.19375 0.47679640718562877 0.04 0.10029940119760479
2 0.200625 0.4723053892215569 0.03 0.025449101796407185
3 0.176875 0.7597305389221557 0.0125 0.016467065868263474
3 0.101875 0.8360778443113772 0.02375 0.05389221556886228
3 0.76625 0.7649700598802395 0.1125 0.025449101796407185
3 0.474375 0.25823353293413176 0.01875 0.03293413173652695
3 0.48125 0.20508982035928144 0.01625 0.029940119760479042
2 0.66375 0.8158682634730539 0.02875 0.02694610778443114
2 0.66625 0.9730538922155688 0.0275 0.03143712574850299
2 0.556875 0.4468562874251497 0.05625 0.05688622754491018
2 0.505 0.3690119760479042 0.0125 0.008982035928143712
2 0.51125 0.25074850299401197 0.00875 0.008982035928143712
3 0.365625 0.7380239520958084 0.03125 0.01347305389221557
3 0.270625 0.7282934131736527 0.0275 0.020958083832335328
1 0.624375 0.48877245508982037 0.07 0.1347305389221557