2 0.345 0.6671664167916042 0.0525 0.06146926536731634
2 0.48875 0.679160419790105 0.03375 0.034482758620689655
0 0.916875 0.5937031484257871 0.06 0.049475262368815595
2 0.143125 0.8440779610194903 0.2075 0.08245877061469266
0 0.031875 0.6356821589205397 0.06375 0.095952023988006
2 0.38125 0.5014992503748126 0.03625 0.037481259370314844
2 0.421875 0.30359820089955025 0.02875 0.0239880059970015
0 0.73875 0.024737631184407798 0.0325 0.022488755622188907
0 0.886875 0.024737631184407798 0.02625 0.026986506746626688
2 0.46375 0.11694152923538231 0.025 0.017991004497751123
2 0.473125 0.05997001499250375 0.01375 0.01199400299850075
2 0.543125 0.044977511244377814 0.02125 0.01199400299850075
2 0.428125 0.05547226386806597 0.02625 0.014992503748125937
2 0.40125 0.11094452773613193 0.025 0.0239880059970015
2 0.406875 0.18215892053973012 0.0225 0.0239880059970015
2 0.555 0.16116941529235382 0.025 0.0239880059970015
2 0.564375 0.08470764617691154 0.02 0.017991004497751123
2 0.38125 0.19790104947526238 0.01 0.010494752623688156
3 0.305625 0.1446776611694153 0.02 0.026986506746626688
3 0.310625 0.1904047976011994 0.015 0.026986506746626688
3 0.314375 0.22638680659670166 0.015 0.026986506746626688
1 0.218125 0.3110944527736132 0.06375 0.12443778110944528
2 0.19375 0.5164917541229386 0.01125 0.017991004497751123
0 0.29125 0.0734632683658171 0.02625 0.0239880059970015
2 0.383125 0.861319340329835 0.02 0.014992503748125937
2 0.745 0.8350824587706147 0.0175 0.017991004497751123
2 0.944375 0.46401799100449775 0.02 0.020989505247376312
0 0.1825 0.5599700149925038 0.03 0.038980509745127435