0 0.023125 0.636431784107946 0.04625 0.05247376311844078
2 0.521875 0.48575712143928035 0.0425 0.047976011994003
3 0.43125 0.6754122938530734 0.0375 0.15892053973013492
3 0.5575 0.6694152923538231 0.06125 0.1424287856071964
2 0.8275 0.7361319340329835 0.0175 0.020989505247376312
2 0.424375 0.14767616191904048 0.00875 0.008995502248875561
2 0.5 0.17991004497751126 0.01 0.010494752623688156
2 0.496875 0.20839580209895053 0.01 0.0074962518740629685
1 0.499375 0.15067466266866567 0.04875 0.16041979010494753
1 0.43 0.11019490254872563 0.04 0.10644677661169415
1 0.346875 0.18815592203898052 0.07375 0.05847076461769116
2 0.354375 0.18815592203898052 0.0175 0.013493253373313344
2 0.34125 0.24662668665667167 0.0125 0.010494752623688156
2 0.32125 0.2856071964017991 0.0125 0.01199400299850075
2 0.223125 0.29685157421289354 0.015 0.013493253373313344
2 0.209375 0.32008995502248877 0.01625 0.01199400299850075
0 0.36125 0.049475262368815595 0.03 0.025487256371814093
0 0.22 0.05547226386806597 0.02875 0.026986506746626688
0 0.2025 0.3995502248875562 0.0275 0.031484257871064465
0 0.26375 0.29310344827586204 0.0275 0.03298350824587706
2 0.18375 0.48425787106446777 0.0175 0.025487256371814093
2 0.55 0.30509745127436283 0.0325 0.029985007496251874
2 0.57625 0.11319340329835083 0.01875 0.01199400299850075
2 0.580625 0.06221889055472264 0.0125 0.008995502248875561
2 0.931875 0.28785607196401797 0.02625 0.020989505247376312
2 0.72125 0.020989505247376312 0.01 0.010494752623688156
1 0.769375 0.24962518740629686 0.0525 0.07496251874062969
2 0.7725 0.2391304347826087 0.01375 0.010494752623688156
2 0.32875 0.11169415292353824 0.00875 0.008995502248875561
2 0.320625 0.12818590704647675 0.01375 0.013493253373313344
2 0.316875 0.8575712143928036 0.01625 0.008995502248875561