3 0.70375 0.46026986506746626 0.025 0.0074962518740629685
3 0.62875 0.4587706146926537 0.0125 0.0074962518740629685
3 0.77625 0.46476761619190404 0.02375 0.01199400299850075
3 0.6125 0.4362818590704648 0.0075 0.01649175412293853
3 0.61875 0.34782608695652173 0.0125 0.017991004497751123
3 0.625 0.280359820089955 0.015 0.019490254872563718
3 0.6325 0.17391304347826086 0.01625 0.019490254872563718
3 0.52875 0.11394302848575712 0.0225 0.014992503748125937
3 0.44 0.11244377811094453 0.01625 0.010494752623688156
2 0.24 0.17391304347826086 0.005 0.005997001499250375
2 0.2875 0.17991004497751126 0.01 0.008995502248875561
2 0.3 0.0734632683658171 0.01375 0.01199400299850075
3 0.31875 0.1619190404797601 0.015 0.025487256371814093
2 0.19125 0.6446776611694153 0.0075 0.008995502248875561
3 0.2125 0.5667166416791605 0.01375 0.0704647676161919
3 0.285 0.5052473763118441 0.01625 0.020989505247376312
3 0.26 0.7976011994002998 0.01625 0.019490254872563718
3 0.2725 0.6671664167916042 0.02125 0.031484257871064465
3 0.3025 0.32983508245877063 0.02 0.026986506746626688
2 0.2125 0.4047976011994003 0.0125 0.008995502248875561
3 0.23 0.3568215892053973 0.01 0.029985007496251874
3 0.24375 0.23388305847076463 0.01375 0.041979010494752625
3 0.265 0.06896551724137931 0.01625 0.035982008995502246
2 0.72375 0.2683658170914543 0.0175 0.020989505247376312
2 0.7325 0.17691154422788605 0.01875 0.017991004497751123
3 0.7825 0.08845577211394302 0.05 0.05697151424287856
3 0.705 0.05997001499250375 0.03 0.038980509745127435