2 0.4675 0.2766116941529235 0.01 0.010494752623688156
2 0.580625 0.2871064467766117 0.01125 0.013493253373313344
2 0.58 0.35907046476761617 0.0125 0.01199400299850075
2 0.574375 0.5749625187406296 0.02125 0.019490254872563718
2 0.570625 0.7166416791604198 0.0175 0.019490254872563718
1 0.39625 0.2136431784107946 0.0325 0.07196401799100449
0 0.7725 0.18140929535232383 0.02125 0.026986506746626688
2 0.82875 0.15442278860569716 0.01375 0.014992503748125937
2 0.838125 0.2128935532233883 0.01375 0.014992503748125937
1 0.78875 0.2383808095952024 0.075 0.05847076461769116
2 0.77625 0.23613193403298352 0.00875 0.01199400299850075
0 0.824375 0.5029985007496252 0.0225 0.0239880059970015
0 0.8125 0.3815592203898051 0.02 0.022488755622188907
2 0.79625 0.48800599700149927 0.015 0.013493253373313344
2 0.7975 0.5134932533733133 0.01 0.013493253373313344
2 0.251875 0.9775112443778111 0.08 0.041979010494752625
0 0.820625 0.07871064467766117 0.03 0.031484257871064465
1 0.35 0.7586206896551724 0.075 0.08245877061469266
2 0.390625 0.2391304347826087 0.01 0.0074962518740629685
2 0.453125 0.20914542728635682 0.00875 0.0074962518740629685
1 0.6625 0.15142428785607195 0.05125 0.09745127436281859
1 0.72375 0.15442278860569716 0.055 0.08845577211394302
0 0.89375 0.7488755622188905 0.035 0.03298350824587706