2 0.71125 0.8413173652694611 0.04625 0.05538922155688623
2 0.31375 0.8083832335329342 0.01375 0.014970059880239521
2 0.26875 0.6167664670658682 0.01 0.011976047904191617
2 0.175 0.2215568862275449 0.01 0.011976047904191617
1 0.11 0.42664670658682635 0.05125 0.038922155688622756
1 0.0275 0.5658682634730539 0.05 0.10179640718562874
2 0.02625 0.592814371257485 0.015 0.014970059880239521
2 0.2625 0.7664670658682635 0.01 0.011976047904191617
0 0.28125 0.5089820359281437 0.02375 0.017964071856287425
0 0.2825 0.4341317365269461 0.0225 0.019461077844311378
0 0.2675 0.38622754491017963 0.01875 0.02245508982035928
1 0.33 0.15868263473053892 0.045 0.08083832335329341
2 0.3225 0.13323353293413173 0.00625 0.005988023952095809
2 0.89375 0.21407185628742514 0.01 0.010479041916167664
0 0.8725 0.1497005988023952 0.0175 0.023952095808383235
1 0.86125 0.28592814371257486 0.06125 0.07784431137724551
0 0.8325 0.22604790419161677 0.01875 0.019461077844311378
2 0.6925 0.3203592814371258 0.01 0.010479041916167664
2 0.70375 0.38023952095808383 0.01 0.011976047904191617
0 0.91625 0.3787425149700599 0.01375 0.017964071856287425
0 0.8975 0.3997005988023952 0.0175 0.017964071856287425
0 0.9225 0.49550898203592814 0.01375 0.014970059880239521
0 0.94375 0.47604790419161674 0.0175 0.02245508982035928
1 0.97125 0.5898203592814372 0.05 0.09580838323353294
2 0.5775 0.30988023952095806 0.00375 0.005988023952095809
2 0.74 0.5583832335329342 0.01 0.014970059880239521
2 0.76 0.6706586826347305 0.01 0.01347305389221557