0 0.441875 0.3031437125748503 0.0225 0.03293413173652695
2 0.414375 0.35479041916167664 0.01 0.011976047904191617
0 0.431875 0.38173652694610777 0.0225 0.029940119760479042
2 0.150625 0.7889221556886228 0.01 0.01347305389221557
2 0.110625 0.7761976047904192 0.0075 0.01347305389221557
3 0.764375 0.7043413173652695 0.01375 0.07784431137724551
3 0.809375 0.7260479041916168 0.01625 0.08083832335329341
3 0.49625 0.3398203592814371 0.01 0.04341317365269461
3 0.195 0.48727544910179643 0.0375 0.10029940119760479
2 0.20125 0.4820359281437126 0.0275 0.025449101796407185
3 0.179375 0.7717065868263473 0.01125 0.017964071856287425
3 0.106875 0.8510479041916168 0.0225 0.05389221556886228
3 0.7675 0.7567365269461078 0.10875 0.023952095808383235
3 0.4725 0.25823353293413176 0.01625 0.03293413173652695
3 0.479375 0.20359281437125748 0.01375 0.029940119760479042
2 0.665625 0.811377245508982 0.02625 0.02694610778443114
2 0.669375 0.9700598802395209 0.025 0.029940119760479042
2 0.555625 0.44461077844311375 0.055 0.058383233532934134
2 0.504375 0.36826347305389223 0.01125 0.008982035928143712
2 0.50875 0.25 0.00875 0.008982035928143712
3 0.3675 0.7440119760479041 0.03 0.011976047904191617
3 0.27375 0.7372754491017964 0.02625 0.020958083832335328
1 0.625 0.4842814371257485 0.065 0.1377245508982036