2 0.42375 0.27095808383233533 0.01 0.010479041916167664
2 0.53875 0.29191616766467066 0.01125 0.01347305389221557
2 0.5525 0.36377245508982037 0.0125 0.011976047904191617
2 0.59 0.5808383233532934 0.02 0.017964071856287425
2 0.61375 0.7245508982035929 0.015 0.017964071856287425
1 0.33875 0.20209580838323354 0.02875 0.0718562874251497
0 0.71125 0.20209580838323354 0.02 0.025449101796407185
2 0.7625 0.17964071856287425 0.01375 0.01347305389221557
2 0.7825 0.2410179640718563 0.01375 0.01347305389221557
1 0.73875 0.2619760479041916 0.07125 0.05538922155688623
2 0.72625 0.25898203592814373 0.00875 0.011976047904191617
0 0.82625 0.531437125748503 0.02125 0.02245508982035928
0 0.79125 0.40718562874251496 0.0175 0.020958083832335328
2 0.79625 0.5134730538922155 0.015 0.011976047904191617
2 0.80125 0.5389221556886228 0.01 0.01347305389221557
2 0.34625 0.9655688622754491 0.075 0.05389221556886228
0 0.73875 0.10329341317365269 0.0275 0.03143712574850299
1 0.4 0.7470059880239521 0.07 0.07934131736526946
2 0.33875 0.2275449101796407 0.01 0.0074850299401197605
2 0.39625 0.20209580838323354 0.00875 0.0074850299401197605
1 0.595 0.16167664670658682 0.04625 0.09730538922155689
1 0.65625 0.17065868263473055 0.05 0.08832335329341318
0 0.945 0.7844311377245509 0.03375 0.03293413173652695