0 0.203125 0.05997001499250375 0.0275 0.035982008995502246
2 0.183125 0.1446776611694153 0.0125 0.01649175412293853
2 0.16625 0.20839580209895053 0.01375 0.01649175412293853
2 0.145 0.6574212893553223 0.04125 0.15292353823088456
0 0.183125 0.5007496251874063 0.03125 0.026986506746626688
0 0.58875 0.19490254872563717 0.01625 0.03298350824587706
2 0.585625 0.2518740629685157 0.01 0.013493253373313344
2 0.58375 0.328335832083958 0.01375 0.019490254872563718
2 0.580625 0.5599700149925038 0.015 0.020989505247376312
2 0.57875 0.7083958020989505 0.01375 0.017991004497751123
2 0.523125 0.09145427286356822 0.02625 0.025487256371814093
2 0.52 0.15142428785607195 0.02 0.022488755622188907
2 0.66625 0.1454272863568216 0.01875 0.017991004497751123
2 0.681875 0.08770614692653673 0.02 0.020989505247376312
1 0.766875 0.41304347826086957 0.0325 0.07646176911544228
0 0.369375 0.14842578710644677 0.025 0.025487256371814093
0 0.813125 0.5382308845577212 0.025 0.03298350824587706
2 0.810625 0.5 0.01375 0.017991004497751123
2 0.595 0.10794602698650675 0.1 0.07946026986506746
2 0.139375 0.5337331334332833 0.0125 0.020989505247376312
3 0.746875 0.17316341829085458 0.02 0.0239880059970015
3 0.76125 0.1469265367316342 0.01875 0.019490254872563718
3 0.775625 0.10944527736131934 0.01625 0.026986506746626688
0 0.784375 0.164167916041979 0.01125 0.022488755622188907
0 0.044375 0.7998500749625187 0.02875 0.035982008995502246