2 0.7425 0.8413173652694611 0.05 0.05538922155688623
2 0.3425 0.8083832335329342 0.015 0.014970059880239521
2 0.28 0.6167664670658682 0.01125 0.011976047904191617
2 0.14875 0.2215568862275449 0.01125 0.011976047904191617
1 0.10375 0.42664670658682635 0.05625 0.038922155688622756
1 0.03375 0.5658682634730539 0.055 0.10179640718562874
2 0.035 0.592814371257485 0.01625 0.014970059880239521
2 0.2875 0.7664670658682635 0.01125 0.011976047904191617
0 0.2825 0.5089820359281437 0.02625 0.017964071856287425
0 0.27625 0.4341317365269461 0.025 0.019461077844311378
0 0.2575 0.38622754491017963 0.02 0.02245508982035928
1 0.29875 0.15868263473053892 0.04875 0.08083832335329341
2 0.28875 0.13323353293413173 0.00625 0.005988023952095809
2 0.8675 0.21407185628742514 0.01125 0.010479041916167664
0 0.84 0.1497005988023952 0.01875 0.023952095808383235
1 0.84125 0.28592814371257486 0.0675 0.07784431137724551
0 0.8075 0.22604790419161677 0.02 0.019461077844311378
2 0.67625 0.3203592814371258 0.01125 0.010479041916167664
2 0.6925 0.38023952095808383 0.01125 0.011976047904191617
0 0.905 0.3787425149700599 0.015 0.017964071856287425
0 0.88875 0.3997005988023952 0.01875 0.017964071856287425
0 0.9225 0.49550898203592814 0.015 0.014970059880239521
0 0.94125 0.47604790419161674 0.01875 0.02245508982035928
1 0.975625 0.5905688622754491 0.04625 0.09730538922155689
2 0.56 0.30988023952095806 0.00375 0.005988023952095809
2 0.745 0.5583832335329342 0.01125 0.014970059880239521
2 0.77625 0.6706586826347305 0.01125 0.01347305389221557