0 0.45375 0.3008982035928144 0.02375 0.0344311377245509
2 0.4225 0.35104790419161674 0.01 0.011976047904191617
0 0.43875 0.37799401197604793 0.02375 0.03143712574850299
2 0.1325 0.7672155688622755 0.01 0.01347305389221557
2 0.094375 0.7529940119760479 0.0075 0.01347305389221557
3 0.7525 0.717814371257485 0.01625 0.0748502994011976
3 0.79625 0.7417664670658682 0.01875 0.07934131736526946
3 0.505625 0.3398203592814371 0.01125 0.04341317365269461
3 0.195625 0.47005988023952094 0.04 0.10029940119760479
2 0.201875 0.4663173652694611 0.02875 0.025449101796407185
3 0.163125 0.7529940119760479 0.0125 0.016467065868263474
3 0.084375 0.8255988023952096 0.02375 0.05389221556886228
3 0.7525 0.7702095808383234 0.11 0.02694610778443114
3 0.486875 0.25823353293413176 0.0175 0.0344311377245509
3 0.496875 0.20508982035928144 0.015 0.03143712574850299
2 0.6475 0.8188622754491018 0.0275 0.02694610778443114
2 0.641875 0.9760479041916168 0.02625 0.03143712574850299
2 0.55875 0.44835329341317365 0.05625 0.058383233532934134
2 0.511875 0.3690119760479042 0.01125 0.008982035928143712
2 0.523125 0.25149700598802394 0.00875 0.008982035928143712
3 0.353125 0.7350299401197605 0.03 0.01347305389221557
3 0.258125 0.7230538922155688 0.0275 0.020958083832335328
1 0.625625 0.49176646706586824 0.06875 0.1347305389221557