0 0.02875 0.6709145427286357 0.04875 0.047976011994003
2 0.52125 0.48500749625187406 0.03875 0.044977511244377814
3 0.4475 0.6784107946026986 0.03 0.15442278860569716
3 0.57375 0.6626686656671664 0.055 0.13493253373313344
2 0.851875 0.7061469265367316 0.01625 0.017991004497751123
2 0.39 0.15742128935532235 0.0075 0.008995502248875561
2 0.470625 0.18365817091454273 0.01 0.010494752623688156
2 0.469375 0.212143928035982 0.01 0.0074962518740629685
1 0.46625 0.15592203898050974 0.04125 0.15442278860569716
1 0.394375 0.1199400299850075 0.035 0.10044977511244378
1 0.316875 0.20389805097451275 0.07125 0.05247376311844078
2 0.324375 0.20464767616191903 0.01625 0.01199400299850075
2 0.315 0.2623688155922039 0.0125 0.008995502248875561
2 0.299375 0.3028485757121439 0.0125 0.010494752623688156
2 0.2025 0.32158920539730135 0.01375 0.01199400299850075
2 0.19 0.34557721139430286 0.01625 0.010494752623688156
0 0.31875 0.06746626686656672 0.02875 0.022488755622188907
0 0.17625 0.08395802098950525 0.02625 0.0239880059970015
0 0.19 0.4250374812593703 0.025 0.029985007496251874
0 0.241875 0.3148425787106447 0.025 0.031484257871064465
2 0.18 0.5104947526236882 0.01625 0.022488755622188907
2 0.533125 0.30359820089955025 0.03125 0.025487256371814093
2 0.540625 0.11244377811094453 0.01875 0.010494752623688156
2 0.54125 0.06146926536731634 0.0125 0.0074962518740629685
2 0.916875 0.2571214392803598 0.02375 0.017991004497751123
2 0.679375 0.008995502248875561 0.01 0.010494752623688156
1 0.74875 0.23238380809595202 0.04875 0.0704647676161919
2 0.75125 0.22113943028485758 0.01375 0.008995502248875561
2 0.290625 0.13118440779610194 0.0075 0.008995502248875561
2 0.285 0.14617691154422788 0.0125 0.01199400299850075
2 0.3475 0.8680659670164917 0.01625 0.0074962518740629685