2 0.70375 0.8200899550224887 0.04875 0.06146926536731634
2 0.306875 0.828335832083958 0.01375 0.01649175412293853
2 0.265625 0.6401799100449775 0.01 0.013493253373313344
2 0.18125 0.2556221889055472 0.01 0.013493253373313344
2 0.13375 0.2683658170914543 0.03125 0.026986506746626688
2 0.030625 0.3058470764617691 0.045 0.05847076461769116
1 0.11125 0.46701649175412296 0.05375 0.043478260869565216
1 0.026875 0.6146926536731634 0.05375 0.11394302848575712
2 0.02375 0.6409295352323838 0.015 0.01649175412293853
2 0.25625 0.7908545727136432 0.01 0.013493253373313344
2 0.900625 0.17466266866566715 0.01 0.01199400299850075
0 0.88125 0.11244377811094453 0.01875 0.025487256371814093
1 0.866875 0.25037481259370314 0.065 0.08545727136431784
0 0.83875 0.1926536731634183 0.02 0.020989505247376312
2 0.69625 0.3020989505247376 0.01 0.01199400299850075
2 0.706875 0.3598200899550225 0.01 0.013493253373313344
0 0.919375 0.3373313343328336 0.01375 0.019490254872563718
0 0.9 0.3605697151424288 0.01875 0.019490254872563718
0 0.9225 0.4527736131934033 0.01375 0.01649175412293853
0 0.944375 0.431784107946027 0.01875 0.0239880059970015
1 0.97 0.5434782608695652 0.05375 0.10494752623688156
2 0.5825 0.3028485757121439 0.00375 0.005997001499250375
2 0.738125 0.5344827586206896 0.01 0.01649175412293853
2 0.75625 0.6454272863568216 0.01 0.014992503748125937