0 0.175625 0.06221889055472264 0.0275 0.03298350824587706
2 0.160625 0.14617691154422788 0.0125 0.014992503748125937
2 0.14875 0.21139430284857572 0.01375 0.014992503748125937
2 0.151875 0.6574212893553223 0.04125 0.1409295352323838
0 0.18125 0.5022488755622189 0.03125 0.025487256371814093
0 0.57125 0.19490254872563717 0.01625 0.029985007496251874
2 0.571875 0.2518740629685157 0.01 0.01199400299850075
2 0.57375 0.328335832083958 0.01375 0.017991004497751123
2 0.584375 0.5584707646176912 0.015 0.019490254872563718
2 0.59125 0.7083958020989505 0.01375 0.01649175412293853
2 0.499375 0.09220389805097451 0.02625 0.0239880059970015
2 0.5 0.15142428785607195 0.02 0.020989505247376312
2 0.6475 0.1454272863568216 0.01875 0.01649175412293853
2 0.658125 0.08845577211394302 0.02 0.019490254872563718
1 0.76375 0.411544227886057 0.0325 0.0704647676161919
0 0.3475 0.14917541229385306 0.025 0.0239880059970015
0 0.8175 0.5367316341829086 0.025 0.029985007496251874
2 0.8125 0.5 0.01375 0.01649175412293853
2 0.57375 0.10794602698650675 0.1 0.0734632683658171
2 0.139375 0.5352323838080959 0.0125 0.019490254872563718
3 0.729375 0.17391304347826086 0.02 0.022488755622188907
3 0.74125 0.14617691154422788 0.01875 0.017991004497751123
3 0.755 0.10944527736131934 0.01625 0.025487256371814093
0 0.766875 0.16491754122938532 0.01125 0.020989505247376312
0 0.06 0.800599700149925 0.02875 0.03298350824587706