0 0.05 0.6167664670658682 0.05125 0.04790419161676647
2 0.519375 0.48577844311377244 0.0425 0.04491017964071856
3 0.475 0.6714071856287425 0.0325 0.15568862275449102
3 0.60125 0.6714071856287425 0.05875 0.1347305389221557
2 0.889375 0.7470059880239521 0.0175 0.017964071856287425
2 0.33375 0.14296407185628743 0.00875 0.008982035928143712
2 0.419375 0.1781437125748503 0.01 0.010479041916167664
2 0.42375 0.20658682634730538 0.01 0.0074850299401197605
1 0.41125 0.14895209580838323 0.045 0.15568862275449102
1 0.33125 0.10553892215568862 0.03875 0.10179640718562874
1 0.26625 0.18038922155688622 0.075 0.05389221556886228
2 0.275 0.23877245508982037 0.0125 0.008982035928143712
2 0.26625 0.27694610778443113 0.0125 0.010479041916167664
2 0.170625 0.2851796407185629 0.01375 0.011976047904191617
2 0.16125 0.3068862275449102 0.0175 0.010479041916167664
0 0.246875 0.04416167664670659 0.03125 0.023952095808383235
0 0.10625 0.04416167664670659 0.03 0.025449101796407185
0 0.174375 0.38622754491017963 0.02875 0.03143712574850299
0 0.21 0.28218562874251496 0.02875 0.03293413173652695
2 0.178125 0.47155688622754494 0.01875 0.02245508982035928
2 0.501875 0.3046407185628742 0.03375 0.02694610778443114
2 0.47875 0.11452095808383234 0.02 0.010479041916167664
2 0.47125 0.06212574850299401 0.0125 0.0074850299401197605
2 0.8825 0.3031437125748503 0.025 0.019461077844311378
2 0.6025 0.027694610778443114 0.01 0.010479041916167664
1 0.7075 0.25823353293413176 0.0525 0.07035928143712575
2 0.70875 0.24775449101796407 0.01375 0.008982035928143712
2 0.405625 0.8502994011976048 0.0175 0.0074850299401197605