2 0.718125 0.8118440779610195 0.05 0.06146926536731634
2 0.32 0.8335832083958021 0.015 0.017991004497751123
2 0.27125 0.6484257871064468 0.01125 0.013493253373313344
2 0.168125 0.26761619190404795 0.01125 0.013493253373313344
2 0.12125 0.28335832083958024 0.0325 0.029985007496251874
2 0.025 0.3230884557721139 0.03625 0.05847076461769116
1 0.108125 0.48125937031484256 0.05625 0.046476761619190406
1 0.029375 0.6326836581709145 0.05875 0.11394302848575712
2 0.028125 0.658920539730135 0.01625 0.017991004497751123
2 0.2675 0.7991004497751124 0.01125 0.013493253373313344
0 0.28125 0.5397301349325337 0.02625 0.020989505247376312
0 0.280625 0.46476761619190404 0.025 0.022488755622188907
0 0.265 0.41829085457271364 0.02125 0.025487256371814093
1 0.323125 0.18440779610194902 0.05125 0.08845577211394302
2 0.314375 0.15967016491754124 0.00625 0.005997001499250375
2 0.8875 0.16266866566716642 0.01 0.01199400299850075
0 0.865 0.10194902548725637 0.02 0.026986506746626688
1 0.856875 0.2383808095952024 0.06875 0.08695652173913043
0 0.826875 0.18290854572713644 0.02125 0.022488755622188907
2 0.689375 0.29610194902548725 0.01 0.01199400299850075
2 0.70125 0.3538230884557721 0.01125 0.013493253373313344
0 0.914375 0.32233883058470764 0.015 0.020989505247376312
0 0.895625 0.34632683658170915 0.02 0.020989505247376312
0 0.9225 0.43853073463268366 0.015 0.017991004497751123
0 0.94375 0.4160419790104948 0.02 0.025487256371814093
2 0.896875 0.4332833583208396 0.0075 0.0074962518740629685
2 0.905625 0.4535232383808096 0.01 0.01199400299850075
1 0.970625 0.5262368815592204 0.05375 0.10794602698650675
2 0.57375 0.30134932533733133 0.00375 0.005997001499250375
2 0.741875 0.525487256371814 0.01125 0.017991004497751123
2 0.764375 0.6341829085457271 0.01125 0.01649175412293853