3 0.69625 0.46182634730538924 0.025 0.008982035928143712
3 0.62125 0.4588323353293413 0.0125 0.0074850299401197605
3 0.76875 0.46781437125748504 0.02375 0.01347305389221557
3 0.601875 0.437125748502994 0.0075 0.017964071856287425
3 0.594375 0.34880239520958084 0.0125 0.019461077844311378
3 0.59 0.281437125748503 0.015 0.020958083832335328
3 0.579375 0.1751497005988024 0.01625 0.020958083832335328
3 0.4675 0.11377245508982035 0.0225 0.017964071856287425
3 0.37875 0.11152694610778444 0.01625 0.010479041916167664
2 0.188125 0.17065868263473055 0.005 0.005988023952095809
2 0.238125 0.17589820359281438 0.01125 0.008982035928143712
2 0.2325 0.07110778443113773 0.01375 0.011976047904191617
3 0.265 0.1594311377245509 0.01625 0.02694610778443114
2 0.214375 0.6399700598802395 0.0075 0.008982035928143712
3 0.224375 0.562874251497006 0.01625 0.0748502994011976
3 0.28625 0.5014970059880239 0.01625 0.02245508982035928
3 0.3075 0.7934131736526946 0.01625 0.020958083832335328
3 0.29875 0.6631736526946108 0.0225 0.0344311377245509
3 0.275 0.3263473053892216 0.02125 0.029940119760479042
2 0.19875 0.40119760479041916 0.0125 0.008982035928143712
3 0.20875 0.3532934131736527 0.0125 0.03143712574850299
3 0.2025 0.22979041916167664 0.015 0.04341317365269461
3 0.1975 0.06511976047904192 0.0175 0.0374251497005988
2 0.686875 0.2694610778443114 0.0175 0.02245508982035928
2 0.680625 0.1781437125748503 0.01875 0.019461077844311378
3 0.716875 0.09131736526946108 0.0525 0.061377245508982034
3 0.633125 0.061377245508982034 0.0325 0.041916167664670656