0 0.045625 0.6264970059880239 0.04875 0.04790419161676647
2 0.51875 0.48577844311377244 0.03875 0.04491017964071856
3 0.4675 0.6729041916167665 0.03 0.15419161676646706
3 0.59375 0.6691616766467066 0.055 0.1347305389221557
2 0.879375 0.7395209580838323 0.01625 0.017964071856287425
2 0.34875 0.14520958083832336 0.0075 0.008982035928143712
2 0.431875 0.17889221556886228 0.01 0.010479041916167664
2 0.435625 0.20733532934131738 0.01 0.0074850299401197605
1 0.425 0.1504491017964072 0.04125 0.15419161676646706
1 0.348125 0.10778443113772455 0.035 0.10029940119760479
1 0.280625 0.18263473053892215 0.07125 0.05239520958083832
2 0.288125 0.18637724550898205 0.01625 0.011976047904191617
2 0.28625 0.2432634730538922 0.0125 0.008982035928143712
2 0.274375 0.281437125748503 0.0125 0.010479041916167664
2 0.179375 0.2911676646706587 0.01375 0.011976047904191617
2 0.17 0.31362275449101795 0.01625 0.010479041916167664
0 0.265 0.04640718562874251 0.02875 0.02245508982035928
0 0.125 0.05089820359281437 0.02625 0.023952095808383235
0 0.17875 0.3929640718562874 0.025 0.029940119760479042
0 0.219375 0.28817365269461076 0.025 0.03143712574850299
2 0.17875 0.4782934131736527 0.01625 0.02245508982035928
2 0.509375 0.3046407185628742 0.03125 0.025449101796407185
2 0.494375 0.11302395209580839 0.01875 0.010479041916167664
2 0.48875 0.06212574850299401 0.0125 0.0074850299401197605
2 0.889375 0.29416167664670656 0.02375 0.017964071856287425
2 0.621875 0.023952095808383235 0.01 0.010479041916167664
1 0.7175 0.2537425149700599 0.04875 0.07035928143712575
2 0.71875 0.2432634730538922 0.01375 0.008982035928143712
2 0.245625 0.1092814371257485 0.0075 0.008982035928143712
2 0.241875 0.12350299401197605 0.0125 0.011976047904191617
2 0.39125 0.8547904191616766 0.01625 0.0074850299401197605