3 0.69375 0.46851574212893554 0.02625 0.008995502248875561
3 0.61875 0.46401799100449775 0.0125 0.0074962518740629685
3 0.76625 0.4760119940029985 0.025 0.014992503748125937
3 0.598125 0.4407796101949025 0.00875 0.017991004497751123
3 0.585625 0.3523238380809595 0.0125 0.019490254872563718
3 0.5775 0.2848575712143928 0.015 0.020989505247376312
3 0.561875 0.17841079460269865 0.0175 0.020989505247376312
3 0.44625 0.11394302848575712 0.02375 0.017991004497751123
3 0.3575 0.10869565217391304 0.0175 0.01199400299850075
2 0.170625 0.1634182908545727 0.00625 0.005997001499250375
2 0.220625 0.1701649175412294 0.01125 0.008995502248875561
2 0.21 0.06371814092953523 0.01375 0.013493253373313344
3 0.2475 0.15367316341829085 0.0175 0.026986506746626688
2 0.223125 0.6334332833583208 0.00875 0.008995502248875561
3 0.228125 0.5562218890554723 0.0175 0.07646176911544228
3 0.28625 0.49775112443778113 0.0175 0.022488755622188907
3 0.325 0.7901049475262368 0.0175 0.020989505247376312
3 0.30875 0.6596701649175413 0.02375 0.035982008995502246
3 0.26625 0.32233883058470764 0.0225 0.031484257871064465
2 0.19375 0.39280359820089955 0.0125 0.008995502248875561
3 0.20125 0.34632683658170915 0.0125 0.03298350824587706
3 0.18875 0.22263868065967016 0.015 0.044977511244377814
3 0.17375 0.05922038980509745 0.01875 0.038980509745127435
2 0.673125 0.27586206896551724 0.01875 0.022488755622188907
2 0.663125 0.18440779610194902 0.02 0.019490254872563718
3 0.693125 0.09745127436281859 0.055 0.06296851574212893
3 0.609375 0.06596701649175413 0.03375 0.043478260869565216