2 0.354375 0.6437125748502994 0.05 0.06287425149700598
2 0.499375 0.6781437125748503 0.03 0.0344311377245509
0 0.92125 0.6594311377245509 0.05625 0.05089820359281437
2 0.1625 0.7904191616766467 0.19 0.08832335329341318
0 0.035 0.562125748502994 0.06625 0.09431137724550898
2 0.381875 0.4820359281437126 0.0325 0.0374251497005988
2 0.41 0.2874251497005988 0.02625 0.023952095808383235
0 0.71125 0.05688622754491018 0.03 0.02245508982035928
0 0.860625 0.08083832335329341 0.02375 0.02694610778443114
2 0.441875 0.10703592814371257 0.02375 0.017964071856287425
2 0.448125 0.05089820359281437 0.0125 0.01347305389221557
2 0.5175 0.04565868263473054 0.01875 0.011976047904191617
2 0.4025 0.038922155688622756 0.02375 0.014970059880239521
2 0.37875 0.08982035928143713 0.0225 0.023952095808383235
2 0.388125 0.16392215568862276 0.02 0.023952095808383235
2 0.53625 0.16541916167664672 0.0225 0.023952095808383235
2 0.540625 0.08907185628742514 0.01875 0.019461077844311378
2 0.36375 0.17589820359281438 0.00875 0.010479041916167664
3 0.285 0.1092814371257485 0.0175 0.029940119760479042
3 0.293125 0.156437125748503 0.01375 0.02694610778443114
3 0.299375 0.19386227544910178 0.01375 0.02694610778443114
1 0.208125 0.26422155688622756 0.06 0.12574850299401197
2 0.195625 0.468562874251497 0.01125 0.017964071856287425
0 0.26625 0.0344311377245509 0.02375 0.023952095808383235
2 0.403125 0.8458083832335329 0.01875 0.016467065868263474
2 0.764375 0.8772455089820359 0.0175 0.019461077844311378
2 0.941875 0.5336826347305389 0.01875 0.02245508982035928
0 0.18625 0.5089820359281437 0.0275 0.038922155688622756