0 0.454375 0.31259370314842577 0.025 0.034482758620689655
2 0.413125 0.32983508245877063 0.0225 0.020989505247376312
0 0.375 0.3335832083958021 0.025 0.031484257871064465
2 0.4225 0.36806596701649175 0.01125 0.01199400299850075
0 0.44 0.391304347826087 0.025 0.031484257871064465
2 0.13 0.8425787106446777 0.01125 0.013493253373313344
2 0.090625 0.835832083958021 0.0075 0.013493253373313344
3 0.751875 0.6671664167916042 0.0175 0.07796101949025487
3 0.79625 0.6806596701649176 0.02 0.08245877061469266
3 0.505625 0.3403298350824588 0.0125 0.043478260869565216
3 0.698125 0.29235382308845576 0.02125 0.04047976011994003
3 0.194375 0.5337331334332833 0.04125 0.10194902548725637
2 0.2 0.5284857571214393 0.03125 0.026986506746626688
2 0.424375 0.2691154422788606 0.0425 0.041979010494752625
3 0.160625 0.820839580209895 0.01375 0.017991004497751123
3 0.08125 0.9107946026986506 0.025 0.05547226386806597
3 0.751875 0.7181409295352323 0.115 0.02848575712143928
2 0.4225 0.08395802098950525 0.065 0.07496251874062969
3 0.488125 0.2623688155922039 0.01875 0.034482758620689655
3 0.496875 0.20764617691154422 0.01625 0.031484257871064465
2 0.645625 0.7871064467766117 0.03 0.02848575712143928
2 0.64 0.9460269865067467 0.02875 0.031484257871064465
2 0.56 0.4370314842578711 0.05875 0.05997001499250375
2 0.513125 0.36881559220389803 0.0125 0.008995502248875561
2 0.525625 0.24962518740629686 0.01 0.008995502248875561
3 0.35125 0.7653673163418291 0.0325 0.013493253373313344
3 0.2575 0.7713643178410795 0.03 0.022488755622188907
1 0.62625 0.46776611694152925 0.0725 0.13943028485757122