2 0.48 0.27136431784107945 0.01 0.010494752623688156
2 0.59 0.2938530734632684 0.01125 0.013493253373313344
2 0.585625 0.3658170914542729 0.0125 0.01199400299850075
2 0.57 0.5839580209895052 0.02 0.019490254872563718
2 0.5575 0.7263868065967016 0.01625 0.019490254872563718
1 0.411875 0.20089955022488756 0.03125 0.0734632683658171
0 0.784375 0.20464767616191903 0.02 0.026986506746626688
2 0.84125 0.18290854572713644 0.01375 0.014992503748125937
2 0.84625 0.2436281859070465 0.01375 0.014992503748125937
1 0.798125 0.2646176911544228 0.0725 0.05997001499250375
2 0.785625 0.2608695652173913 0.00875 0.01199400299850075
0 0.81875 0.5344827586206896 0.02125 0.0239880059970015
0 0.81375 0.4122938530734633 0.01875 0.022488755622188907
2 0.791875 0.5179910044977512 0.015 0.013493253373313344
2 0.790625 0.5434782608695652 0.01 0.013493253373313344
2 0.230625 0.9655172413793104 0.07625 0.05847076461769116
0 0.8375 0.10644677661169415 0.02875 0.03298350824587706
1 0.339375 0.7458770614692654 0.0725 0.08395802098950525
2 0.406875 0.22638680659670166 0.01 0.0074962518740629685
2 0.469375 0.20164917541229385 0.00875 0.0074962518740629685
1 0.67875 0.1634182908545727 0.04875 0.10044977511244378
1 0.738125 0.17316341829085458 0.05375 0.09145427286356822
0 0.875 0.7901049475262368 0.03375 0.034482758620689655