2 0.455625 0.2687125748502994 0.00875 0.010479041916167664
2 0.56875 0.2949101796407186 0.01 0.01347305389221557
2 0.57125 0.36676646706586824 0.01125 0.011976047904191617
2 0.57875 0.5838323353293413 0.0175 0.017964071856287425
2 0.5825 0.7267964071856288 0.01375 0.017964071856287425
1 0.38 0.1968562874251497 0.02875 0.07335329341317365
0 0.75375 0.21407185628742514 0.01875 0.025449101796407185
2 0.808125 0.19236526946107785 0.0125 0.01347305389221557
2 0.82 0.25449101796407186 0.0125 0.01347305389221557
1 0.773125 0.27320359281437123 0.065 0.058383233532934134
2 0.760625 0.2694610778443114 0.0075 0.011976047904191617
0 0.823125 0.5449101796407185 0.02 0.023952095808383235
0 0.805 0.4199101796407186 0.01625 0.020958083832335328
2 0.794375 0.5254491017964071 0.01375 0.011976047904191617
2 0.79625 0.5516467065868264 0.00875 0.01347305389221557
2 0.28 0.9565868263473054 0.06875 0.05688622754491018
0 0.795625 0.11526946107784432 0.02625 0.03293413173652695
1 0.365 0.7417664670658682 0.065 0.08233532934131736
2 0.376875 0.22230538922155688 0.00875 0.0074850299401197605
2 0.4375 0.19910179640718562 0.0075 0.0074850299401197605
1 0.6425 0.1691616766467066 0.04375 0.09880239520958084
1 0.703125 0.18038922155688622 0.0475 0.08982035928143713
0 0.906875 0.8016467065868264 0.03125 0.0344311377245509