2 0.468125 0.27361319340329837 0.00875 0.010494752623688156
2 0.58 0.2908545727136432 0.01 0.013493253373313344
2 0.57875 0.3613193403298351 0.0125 0.01199400299850075
2 0.57375 0.5787106446776612 0.01875 0.019490254872563718
2 0.57 0.7218890554722639 0.015 0.019490254872563718
1 0.39625 0.20614692653673164 0.03 0.07646176911544228
0 0.77 0.1934032983508246 0.02 0.026986506746626688
2 0.825625 0.1686656671664168 0.01375 0.013493253373313344
2 0.83375 0.22938530734632684 0.01375 0.013493253373313344
1 0.785625 0.25112443778110943 0.06875 0.05997001499250375
2 0.774375 0.24887556221889057 0.0075 0.01199400299850075
0 0.820625 0.52023988005997 0.02125 0.025487256371814093
0 0.81 0.39655172413793105 0.0175 0.022488755622188907
2 0.793125 0.5037481259370314 0.015 0.01199400299850075
2 0.79375 0.5284857571214393 0.00875 0.013493253373313344
2 0.254375 0.972263868065967 0.07375 0.05247376311844078
0 0.816875 0.09145427286356822 0.0275 0.03298350824587706
1 0.35125 0.7533733133433284 0.06875 0.08545727136431784
2 0.391875 0.23163418290854573 0.00875 0.0074962518740629685
2 0.45375 0.20389805097451275 0.0075 0.0074962518740629685
1 0.66125 0.15742128935532235 0.04625 0.10044977511244378
1 0.720625 0.164167916041979 0.05 0.09145427286356822
0 0.890625 0.7713643178410795 0.0325 0.034482758620689655