2 0.178125 0.2986526946107784 0.025 0.02694610778443114
2 0.486875 0.5711077844311377 0.01875 0.016467065868263474
3 0.475 0.5838323353293413 0.035 0.0748502994011976
3 0.520625 0.6175149700598802 0.11375 0.02844311377245509
1 0.709375 0.22679640718562874 0.1375 0.218562874251497
0 0.685625 0.3046407185628742 0.0325 0.02694610778443114
0 0.738125 0.23353293413173654 0.03875 0.02694610778443114
0 0.704375 0.14146706586826346 0.035 0.03293413173652695
0 0.663125 0.2215568862275449 0.02875 0.02245508982035928
2 0.693125 0.18562874251497005 0.01625 0.019461077844311378
2 0.695 0.25149700598802394 0.01 0.014970059880239521
2 0.71875 0.21332335329341318 0.01 0.014970059880239521
2 0.719375 0.2747005988023952 0.015 0.02245508982035928
2 0.839375 0.27994011976047906 0.01 0.011976047904191617
1 0.31625 0.07410179640718563 0.02875 0.0718562874251497
1 0.53 0.07410179640718563 0.0525 0.12425149700598802
2 0.5275 0.10404191616766467 0.0075 0.008982035928143712
2 0.31625 0.06511976047904192 0.01125 0.008982035928143712
3 0.53375 0.023203592814371257 0.02625 0.014970059880239521
2 0.519375 0.12724550898203593 0.0075 0.010479041916167664
2 0.62875 0.3652694610778443 0.01 0.010479041916167664
2 0.569375 0.13547904191616766 0.00375 0.005988023952095809
3 0.55125 0.11676646706586827 0.01625 0.029940119760479042
3 0.71625 0.8405688622754491 0.0175 0.04640718562874251
2 0.695625 0.7739520958083832 0.005 0.0074850299401197605
2 0.721875 0.7724550898203593 0.0075 0.008982035928143712
3 0.24 0.4977544910179641 0.02875 0.09431137724550898
2 0.214375 0.6497005988023952 0.01375 0.010479041916167664