0 0.054375 0.6646706586826348 0.04875 0.04940119760479042
2 0.518125 0.48353293413173654 0.04 0.04491017964071856
3 0.475 0.6758982035928144 0.0325 0.15568862275449102
3 0.599375 0.6639221556886228 0.05625 0.13622754491017963
2 0.885625 0.7103293413173652 0.0175 0.019461077844311378
2 0.33625 0.15568862275449102 0.0075 0.008982035928143712
2 0.42 0.18338323353293412 0.00875 0.010479041916167664
2 0.42375 0.2118263473053892 0.00875 0.0074850299401197605
1 0.4125 0.15494011976047903 0.045 0.15568862275449102
1 0.333125 0.11751497005988024 0.0375 0.10179640718562874
1 0.269375 0.1998502994011976 0.07125 0.05538922155688623
2 0.278125 0.25823353293413176 0.0125 0.008982035928143712
2 0.2675 0.2994011976047904 0.0125 0.010479041916167664
2 0.173125 0.3158682634730539 0.01375 0.01347305389221557
2 0.164375 0.3405688622754491 0.01625 0.011976047904191617
0 0.25 0.06437125748502993 0.02875 0.023952095808383235
0 0.110625 0.07934131736526946 0.0275 0.025449101796407185
0 0.1775 0.4199101796407186 0.02625 0.03143712574850299
0 0.213125 0.3106287425149701 0.02625 0.03293413173652695
2 0.18125 0.5052395209580839 0.0175 0.023952095808383235
2 0.50125 0.3031437125748503 0.03125 0.02694610778443114
2 0.479375 0.11152694610778444 0.01875 0.011976047904191617
2 0.470625 0.061377245508982034 0.0125 0.0074850299401197605
2 0.878125 0.26122754491017963 0.025 0.019461077844311378
2 0.60125 0.010479041916167664 0.00875 0.010479041916167664
1 0.70625 0.2342814371257485 0.04875 0.0718562874251497
2 0.706875 0.22380239520958084 0.01375 0.010479041916167664
2 0.40625 0.8652694610778443 0.01625 0.008982035928143712