2 0.76625 0.8440779610194903 0.055 0.05847076461769116
2 0.364375 0.8088455772113943 0.01625 0.014992503748125937
2 0.288125 0.616191904047976 0.01125 0.01199400299850075
2 0.13125 0.21964017991004497 0.01125 0.01199400299850075
2 0.085 0.22788605697151423 0.035 0.025487256371814093
2 0.00625 0.25487256371814093 0.0125 0.05697151424287856
1 0.09875 0.4250374812593703 0.05875 0.041979010494752625
1 0.04 0.5644677661169415 0.05875 0.10644677661169415
2 0.0425 0.5914542728635682 0.0175 0.014992503748125937
2 0.30625 0.7668665667166417 0.01125 0.01199400299850075
0 0.28375 0.5082458770614693 0.0275 0.017991004497751123
0 0.273125 0.4332833583208396 0.02625 0.019490254872563718
0 0.249375 0.3860569715142429 0.02125 0.022488755622188907
1 0.275 0.15817091454272864 0.0525 0.08395802098950525
2 0.26375 0.13268365817091454 0.0075 0.005997001499250375
2 0.845625 0.2166416791604198 0.01125 0.010494752623688156
0 0.815 0.15292353823088456 0.02 0.0239880059970015
1 0.825625 0.28785607196401797 0.07125 0.08095952023988005
0 0.7875 0.22863568215892055 0.02125 0.019490254872563718
2 0.6625 0.32158920539730135 0.01125 0.010494752623688156
2 0.683125 0.3823088455772114 0.01125 0.01199400299850075
0 0.895625 0.3808095952023988 0.01625 0.017991004497751123
0 0.88 0.4025487256371814 0.02 0.017991004497751123
0 0.92 0.4992503748125937 0.01625 0.014992503748125937
0 0.938125 0.47976011994003 0.02 0.022488755622188907
2 0.895 0.48950524737631185 0.00875 0.0074962518740629685
2 0.905 0.5104947526236882 0.01 0.01199400299850075
1 0.976875 0.5937031484257871 0.04375 0.10194902548725637
2 0.54625 0.3103448275862069 0.00375 0.005997001499250375
2 0.748125 0.5599700149925038 0.01125 0.014992503748125937
2 0.7875 0.6739130434782609 0.01125 0.013493253373313344