3 0.70125 0.4542728635682159 0.02375 0.0074962518740629685
3 0.62625 0.45577211394302847 0.01125 0.0074962518740629685
3 0.77375 0.4572713643178411 0.0225 0.01199400299850075
3 0.60875 0.4332833583208396 0.0075 0.01649175412293853
3 0.61 0.3448275862068966 0.01125 0.017991004497751123
3 0.6125 0.2773613193403298 0.01375 0.019490254872563718
3 0.61375 0.17091454272863568 0.015 0.019490254872563718
3 0.5075 0.11394302848575712 0.02125 0.014992503748125937
3 0.41875 0.11394302848575712 0.015 0.010494752623688156
2 0.22125 0.18140929535232383 0.005 0.005997001499250375
2 0.27 0.18590704647676162 0.01 0.008995502248875561
2 0.27625 0.07946026986506746 0.0125 0.01199400299850075
3 0.3 0.1679160419790105 0.01375 0.025487256371814093
2 0.19875 0.6521739130434783 0.0075 0.008995502248875561
3 0.21625 0.5742128935532234 0.0125 0.07196401799100449
3 0.285 0.5112443778110944 0.015 0.020989505247376312
3 0.27625 0.8035982008995503 0.015 0.019490254872563718
3 0.28125 0.6731634182908546 0.02 0.03298350824587706
3 0.2925 0.335832083958021 0.01875 0.026986506746626688
2 0.2075 0.4122938530734633 0.01125 0.008995502248875561
3 0.2225 0.36431784107946025 0.01 0.031484257871064465
3 0.22875 0.2413793103448276 0.0125 0.043478260869565216
3 0.24125 0.07646176911544228 0.015 0.037481259370314844
2 0.71125 0.2623688155922039 0.01625 0.020989505247376312
2 0.715 0.17091454272863568 0.0175 0.017991004497751123
3 0.76 0.08095952023988005 0.0475 0.05847076461769116
3 0.68 0.05547226386806597 0.02875 0.04047976011994003