0 0.035625 0.6384730538922155 0.045 0.04640718562874251
2 0.52 0.48577844311377244 0.03625 0.04341317365269461
3 0.455 0.6744011976047904 0.0275 0.1497005988023952
3 0.58125 0.6676646706586826 0.05125 0.1317365269461078
2 0.861875 0.7305389221556886 0.015 0.017964071856287425
2 0.375 0.14820359281437126 0.0075 0.008982035928143712
2 0.455625 0.18038922155688622 0.00875 0.010479041916167664
2 0.456875 0.2088323353293413 0.00875 0.0074850299401197605
1 0.45125 0.15194610778443113 0.03875 0.1497005988023952
1 0.376875 0.11077844311377245 0.0325 0.09730538922155689
1 0.303125 0.18862275449101795 0.06625 0.05089820359281437
2 0.305 0.24775449101796407 0.01125 0.008982035928143712
2 0.290625 0.2874251497005988 0.01125 0.010479041916167664
2 0.194375 0.2986526946107784 0.0125 0.011976047904191617
2 0.1825 0.3226047904191617 0.015 0.010479041916167664
0 0.29875 0.05239520958083832 0.02625 0.02245508982035928
0 0.1575 0.059880239520958084 0.025 0.023952095808383235
0 0.18625 0.40194610778443113 0.02375 0.02844311377245509
0 0.234375 0.29565868263473055 0.02375 0.029940119760479042
2 0.18 0.48727544910179643 0.015 0.02245508982035928
2 0.524375 0.3046407185628742 0.02875 0.025449101796407185
2 0.523125 0.11302395209580839 0.0175 0.010479041916167664
2 0.52125 0.06212574850299401 0.01125 0.0074850299401197605
2 0.905625 0.2836826347305389 0.0225 0.017964071856287425
2 0.656875 0.019461077844311378 0.00875 0.010479041916167664
1 0.73625 0.24775449101796407 0.045 0.0688622754491018
2 0.73875 0.2372754491017964 0.0125 0.008982035928143712
2 0.365 0.8577844311377245 0.015 0.0074850299401197605