2 0.683125 0.823088455772114 0.055 0.05997001499250375
2 0.28625 0.8253373313343328 0.0175 0.01649175412293853
2 0.256875 0.6379310344827587 0.01125 0.01199400299850075
2 0.196875 0.2518740629685157 0.01125 0.01199400299850075
1 0.11375 0.4625187406296852 0.05875 0.043478260869565216
1 0.025625 0.6079460269865068 0.05125 0.10944527736131934
2 0.015 0.6349325337331334 0.01875 0.01649175412293853
2 0.238125 0.787856071964018 0.01125 0.01199400299850075
0 0.279375 0.5292353823088456 0.02875 0.019490254872563718
0 0.28625 0.4542728635682159 0.02625 0.020989505247376312
0 0.275625 0.4077961019490255 0.0225 0.0239880059970015
1 0.358125 0.17466266866566715 0.055 0.08545727136431784
2 0.353125 0.14992503748125938 0.0075 0.005997001499250375
2 0.920625 0.17991004497751126 0.01125 0.010494752623688156
0 0.905625 0.1176911544227886 0.02125 0.025487256371814093
1 0.8825 0.25487256371814093 0.07375 0.08245877061469266
0 0.8575 0.19715142428785606 0.0225 0.020989505247376312
2 0.709375 0.30434782608695654 0.01125 0.010494752623688156
2 0.715625 0.3620689655172414 0.01125 0.01199400299850075
0 0.929375 0.34257871064467765 0.0175 0.019490254872563718
0 0.90875 0.3650674662668666 0.02125 0.019490254872563718
0 0.925625 0.4580209895052474 0.0175 0.01649175412293853
0 0.948125 0.4370314842578711 0.02125 0.0239880059970015
1 0.965625 0.5494752623688156 0.0575 0.10344827586206896
2 0.594375 0.30434782608695654 0.00375 0.005997001499250375
2 0.73625 0.5382308845577212 0.0125 0.014992503748125937
2 0.746875 0.6476761619190404 0.01125 0.013493253373313344