2 0.135625 0.823088455772114 0.01 0.014992503748125937
2 0.096875 0.8148425787106447 0.0075 0.014992503748125937
3 0.754375 0.6814092953523239 0.01375 0.07946026986506746
3 0.799375 0.6986506746626686 0.01625 0.08245877061469266
3 0.50375 0.3403298350824588 0.01 0.044977511244377814
3 0.195 0.5149925037481259 0.03625 0.10344827586206896
2 0.20125 0.5112443778110944 0.0275 0.025487256371814093
3 0.165625 0.8043478260869565 0.01125 0.017991004497751123
3 0.08875 0.8898050974512743 0.0225 0.05547226386806597
3 0.755 0.7338830584707646 0.10625 0.0239880059970015
2 0.650625 0.7976011994002998 0.02625 0.026986506746626688
2 0.646875 0.9565217391304348 0.025 0.031484257871064465
3 0.355 0.7586206896551724 0.03 0.013493253373313344
3 0.26125 0.7593703148425787 0.02625 0.020989505247376312
1 0.625 0.47301349325337333 0.06375 0.1409295352323838