0 0.196875 0.04122938530734633 0.02625 0.031484257871064465
2 0.178125 0.12518740629685157 0.0125 0.014992503748125937
2 0.161875 0.1889055472263868 0.01375 0.014992503748125937
2 0.146875 0.6356821589205397 0.04 0.13943028485757122
0 0.1825 0.48200899550224885 0.03 0.0239880059970015
0 0.584375 0.19940029985007496 0.015 0.029985007496251874
2 0.5825 0.2563718140929535 0.01 0.01199400299850075
2 0.58125 0.3328335832083958 0.01375 0.017991004497751123
2 0.581875 0.5637181409295352 0.015 0.019490254872563718
2 0.581875 0.7143928035982009 0.01375 0.01649175412293853
2 0.5175 0.09145427286356822 0.025 0.022488755622188907
2 0.515 0.15142428785607195 0.02 0.019490254872563718
2 0.66125 0.15442278860569716 0.01875 0.01649175412293853
2 0.675625 0.09745127436281859 0.02 0.017991004497751123
1 0.76625 0.4280359820089955 0.03125 0.06896551724137931
0 0.36375 0.13943028485757122 0.02375 0.022488755622188907
0 0.814375 0.5569715142428786 0.02375 0.02848575712143928
2 0.81125 0.5194902548725637 0.01375 0.01649175412293853
2 0.589375 0.11244377811094453 0.09875 0.0704647676161919
2 0.14 0.512743628185907 0.0125 0.019490254872563718
3 0.741875 0.1874062968515742 0.01875 0.022488755622188907
3 0.75625 0.16116941529235382 0.01875 0.017991004497751123
3 0.770625 0.12518740629685157 0.015 0.025487256371814093
0 0.779375 0.18065967016491755 0.01125 0.020989505247376312
0 0.04875 0.7736131934032984 0.0275 0.031484257871064465