2 0.7 0.841079460269865 0.04875 0.05847076461769116
2 0.303125 0.8103448275862069 0.01375 0.014992503748125937
2 0.264375 0.6191904047976012 0.01 0.01199400299850075
2 0.184375 0.22413793103448276 0.01 0.01199400299850075
2 0.13625 0.23388305847076463 0.03 0.025487256371814093
2 0.031875 0.25862068965517243 0.04875 0.053973013493253376
1 0.1125 0.4295352323838081 0.0525 0.041979010494752625
1 0.02625 0.5697151424287856 0.0525 0.10794602698650675
2 0.02375 0.595952023988006 0.015 0.014992503748125937
2 0.25375 0.7683658170914542 0.01 0.01199400299850075
2 0.903125 0.212143928035982 0.01 0.010494752623688156
0 0.88375 0.1469265367316342 0.0175 0.0239880059970015
1 0.868125 0.2848575712143928 0.06375 0.08095952023988005
0 0.84125 0.22413793103448276 0.01875 0.019490254872563718
2 0.69875 0.32008995502248877 0.01 0.010494752623688156
2 0.708125 0.3793103448275862 0.01 0.01199400299850075
0 0.920625 0.3778110944527736 0.01375 0.017991004497751123
0 0.9 0.3980509745127436 0.0175 0.017991004497751123
0 0.9225 0.49325337331334335 0.01375 0.014992503748125937
0 0.94375 0.4737631184407796 0.0175 0.022488755622188907
1 0.96875 0.5884557721139431 0.0525 0.10044977511244378
2 0.58375 0.3103448275862069 0.00375 0.005997001499250375
2 0.738125 0.5584707646176912 0.01 0.014992503748125937
2 0.75375 0.6694152923538231 0.01 0.013493253373313344