0 0.15625 0.038922155688622756 0.02625 0.03293413173652695
2 0.145 0.12275449101796407 0.0125 0.014970059880239521
2 0.135 0.18712574850299402 0.01375 0.014970059880239521
2 0.15875 0.6332335329341318 0.0375 0.14221556886227546
0 0.18125 0.47904191616766467 0.03 0.023952095808383235
0 0.5575 0.19910179640718562 0.015 0.03143712574850299
2 0.56125 0.2559880239520958 0.01 0.011976047904191617
2 0.56625 0.3323353293413174 0.01375 0.017964071856287425
2 0.5875 0.5643712574850299 0.015 0.019461077844311378
2 0.6 0.7140718562874252 0.01375 0.016467065868263474
2 0.48125 0.09131736526946108 0.025 0.02245508982035928
2 0.485 0.15119760479041916 0.02 0.019461077844311378
2 0.63125 0.15568862275449102 0.01875 0.016467065868263474
2 0.64 0.09880239520958084 0.02 0.017964071856287425
1 0.76 0.4296407185628742 0.03 0.07035928143712575
0 0.33125 0.1377245508982036 0.02375 0.02245508982035928
2 0.555 0.1122754491017964 0.0975 0.07035928143712575
2 0.14125 0.5104790419161677 0.0125 0.019461077844311378
0 0.0725 0.7694610778443114 0.0275 0.03293413173652695