0 0.215 0.05697151424287856 0.0275 0.03298350824587706
2 0.1925 0.1409295352323838 0.01375 0.014992503748125937
2 0.175 0.20539730134932535 0.015 0.014992503748125937
2 0.14 0.6521739130434783 0.04 0.1424287856071964
0 0.1825 0.49775112443778113 0.03125 0.0239880059970015
0 0.59625 0.19640179910044978 0.01625 0.031484257871064465
2 0.5925 0.25337331334332835 0.01125 0.01199400299850075
2 0.58875 0.32983508245877063 0.015 0.017991004497751123
2 0.57875 0.5592203898050975 0.01625 0.019490254872563718
2 0.5725 0.7091454272863568 0.015 0.01649175412293853
2 0.53375 0.09145427286356822 0.02625 0.022488755622188907
2 0.53 0.15142428785607195 0.02 0.019490254872563718
2 0.67625 0.1469265367316342 0.01875 0.01649175412293853
2 0.6925 0.08995502248875563 0.02 0.017991004497751123
1 0.77 0.41529235382308843 0.03125 0.0704647676161919
0 0.37875 0.1469265367316342 0.025 0.022488755622188907
0 0.8125 0.5412293853073463 0.025 0.029985007496251874
2 0.81125 0.5037481259370314 0.015 0.01649175412293853
2 0.60625 0.10944527736131934 0.1025 0.0704647676161919
2 0.13875 0.5292353823088456 0.01375 0.019490254872563718
3 0.75625 0.17691154422788605 0.01875 0.022488755622188907
3 0.77125 0.14992503748125938 0.01875 0.017991004497751123
3 0.78625 0.11394302848575712 0.01625 0.025487256371814093
0 0.79375 0.1679160419790105 0.0125 0.020989505247376312
0 0.03625 0.7946026986506747 0.02875 0.03298350824587706