2 0.35 0.6626686656671664 0.04875 0.05997001499250375
2 0.49375 0.679160419790105 0.03 0.03298350824587706
0 0.9175 0.6116941529235382 0.055 0.047976011994003
2 0.15375 0.8305847076461769 0.19375 0.07496251874062969
0 0.0325 0.616191904047976 0.065 0.09295352323838081
2 0.38125 0.4962518740629685 0.0325 0.035982008995502246
2 0.41625 0.29985007496251875 0.02625 0.022488755622188907
0 0.72625 0.031484257871064465 0.03 0.020989505247376312
0 0.87375 0.038980509745127435 0.02375 0.025487256371814093
2 0.45375 0.11394302848575712 0.02375 0.01649175412293853
2 0.4625 0.05697151424287856 0.01375 0.01199400299850075
2 0.53125 0.044977511244377814 0.02 0.010494752623688156
2 0.41625 0.050974512743628186 0.025 0.013493253373313344
2 0.39125 0.10344827586206896 0.0225 0.022488755622188907
2 0.3975 0.17691154422788605 0.02 0.022488755622188907
2 0.54625 0.1619190404797601 0.0225 0.022488755622188907
2 0.5525 0.08395802098950525 0.01875 0.017991004497751123
2 0.37375 0.191904047976012 0.00875 0.010494752623688156
3 0.29625 0.13493253373313344 0.0175 0.026986506746626688
3 0.3025 0.18140929535232383 0.01375 0.026986506746626688
3 0.3075 0.21739130434782608 0.01375 0.026986506746626688
1 0.21375 0.2983508245877061 0.05625 0.12293853073463268
2 0.195 0.5037481259370314 0.01 0.017991004497751123
0 0.28 0.06146926536731634 0.02375 0.022488755622188907
2 0.3925 0.8590704647676162 0.01875 0.014992503748125937
2 0.7525 0.8470764617691154 0.0175 0.017991004497751123
2 0.9425 0.4827586206896552 0.01875 0.020989505247376312
0 0.185 0.5472263868065967 0.0275 0.037481259370314844