2 0.34625 0.664167916041979 0.0525 0.06146926536731634
2 0.49 0.679160419790105 0.03125 0.03298350824587706
0 0.915625 0.6026986506746627 0.05875 0.049475262368815595
2 0.14625 0.8373313343328336 0.2025 0.07946026986506746
0 0.0325 0.6259370314842578 0.065 0.0944527736131934
2 0.38125 0.4985007496251874 0.03375 0.035982008995502246
2 0.420625 0.3020989505247376 0.0275 0.022488755622188907
0 0.736875 0.02923538230884558 0.03125 0.020989505247376312
0 0.884375 0.031484257871064465 0.025 0.025487256371814093
2 0.463125 0.11544227886056972 0.025 0.01649175412293853
2 0.4725 0.05847076461769116 0.01375 0.01199400299850075
2 0.541875 0.044977511244377814 0.02 0.010494752623688156
2 0.42625 0.05322338830584707 0.02625 0.013493253373313344
2 0.399375 0.10644677661169415 0.02375 0.022488755622188907
2 0.405 0.17916041979010494 0.02 0.022488755622188907
2 0.55375 0.16116941529235382 0.02375 0.022488755622188907
2 0.5625 0.08470764617691154 0.01875 0.017991004497751123
2 0.380625 0.19490254872563717 0.01 0.010494752623688156
3 0.304375 0.13943028485757122 0.0175 0.026986506746626688
3 0.31 0.18590704647676162 0.01375 0.026986506746626688
3 0.313125 0.22188905547226387 0.01375 0.026986506746626688
1 0.218125 0.30434782608695654 0.06 0.12443778110944528
2 0.195 0.5104947526236882 0.01125 0.017991004497751123
0 0.29 0.06671664167916042 0.025 0.022488755622188907
2 0.38375 0.8590704647676162 0.01875 0.014992503748125937
2 0.745 0.841079460269865 0.0175 0.017991004497751123
2 0.94375 0.4737631184407796 0.01875 0.020989505247376312
0 0.184375 0.5539730134932533 0.02875 0.037481259370314844