3 0.69375 0.4580209895052474 0.02625 0.008995502248875561
3 0.61875 0.45652173913043476 0.0125 0.0074962518740629685
3 0.76625 0.46101949025487254 0.025 0.013493253373313344
3 0.598125 0.43478260869565216 0.00875 0.01649175412293853
3 0.585625 0.34632683658170915 0.0125 0.017991004497751123
3 0.5775 0.27886056971514245 0.015 0.019490254872563718
3 0.561875 0.1724137931034483 0.0175 0.019490254872563718
3 0.44625 0.11394302848575712 0.02375 0.01649175412293853
3 0.3575 0.11319340329835083 0.0175 0.010494752623688156
2 0.170625 0.17841079460269865 0.00625 0.005997001499250375
2 0.220625 0.18365817091454273 0.01125 0.008995502248875561
2 0.21 0.07721139430284858 0.01375 0.01199400299850075
3 0.2475 0.164167916041979 0.0175 0.025487256371814093
2 0.223125 0.6499250374812594 0.00875 0.008995502248875561
3 0.228125 0.5712143928035982 0.0175 0.07196401799100449
3 0.28625 0.5082458770614693 0.0175 0.020989505247376312
3 0.325 0.800599700149925 0.0175 0.019490254872563718
3 0.30875 0.6701649175412294 0.02375 0.034482758620689655
3 0.26625 0.3328335832083958 0.0225 0.029985007496251874
2 0.19375 0.40929535232383807 0.0125 0.008995502248875561
3 0.20125 0.3613193403298351 0.0125 0.031484257871064465
3 0.18875 0.2376311844077961 0.015 0.043478260869565216
3 0.17375 0.0727136431784108 0.01875 0.037481259370314844
2 0.673125 0.2653673163418291 0.01875 0.020989505247376312
2 0.663125 0.17391304347826086 0.02 0.017991004497751123
3 0.693125 0.08395802098950525 0.055 0.05997001499250375
3 0.609375 0.05697151424287856 0.03375 0.041979010494752625