2 0.69 0.8508245877061469 0.05 0.05997001499250375
2 0.295625 0.8035982008995503 0.015 0.01649175412293853
2 0.26125 0.6086956521739131 0.01 0.01199400299850075
2 0.1925 0.21064467766116943 0.01 0.01199400299850075
2 0.145 0.2166416791604198 0.03125 0.026986506746626688
2 0.039375 0.2391304347826087 0.05 0.05547226386806597
1 0.115 0.41304347826086957 0.05375 0.043478260869565216
1 0.026875 0.5502248875562219 0.05375 0.11094452773613193
2 0.02125 0.5757121439280359 0.01625 0.01649175412293853
2 0.24625 0.7586206896551724 0.01 0.01199400299850075
0 0.28125 0.5022488755622189 0.025 0.019490254872563718
0 0.286875 0.4272863568215892 0.02375 0.020989505247376312
0 0.275 0.3785607196401799 0.02 0.0239880059970015
1 0.35125 0.15292353823088456 0.05 0.08545727136431784
2 0.34625 0.12743628185907047 0.00625 0.005997001499250375
2 0.910625 0.22863568215892055 0.01 0.010494752623688156
0 0.89375 0.1634182908545727 0.01875 0.025487256371814093
1 0.87375 0.29910044977511246 0.06625 0.08245877061469266
0 0.84875 0.2383808095952024 0.02 0.020989505247376312
2 0.7025 0.3268365817091454 0.01 0.010494752623688156
2 0.71125 0.3875562218890555 0.01 0.01199400299850075
0 0.9225 0.3950524737631184 0.015 0.019490254872563718
0 0.9025 0.41454272863568215 0.01875 0.019490254872563718
0 0.921875 0.5104947526236882 0.015 0.01649175412293853
0 0.944375 0.49250374812593706 0.01875 0.0239880059970015
2 0.8975 0.5014992503748126 0.0075 0.0074962518740629685
2 0.903125 0.5232383808095952 0.00875 0.01199400299850075
1 0.964375 0.6079460269865068 0.055 0.10194902548725637
2 0.589375 0.31259370314842577 0.00375 0.005997001499250375
2 0.735625 0.568215892053973 0.01125 0.014992503748125937
2 0.748125 0.6814092953523239 0.01 0.013493253373313344