2 0.700625 0.8290854572713643 0.0525 0.05847076461769116
2 0.30375 0.820839580209895 0.01625 0.01649175412293853
2 0.264375 0.6319340329835083 0.01125 0.01199400299850075
2 0.181875 0.24287856071964017 0.01125 0.01199400299850075
2 0.135 0.25487256371814093 0.03375 0.026986506746626688
2 0.035625 0.2871064467766117 0.04125 0.05547226386806597
1 0.11125 0.452023988005997 0.05625 0.041979010494752625
1 0.026875 0.595952023988006 0.05375 0.10644677661169415
2 0.0225 0.6229385307346327 0.0175 0.01649175412293853
2 0.253125 0.7818590704647677 0.01125 0.01199400299850075
0 0.280625 0.5232383808095952 0.02625 0.019490254872563718
0 0.28375 0.4482758620689655 0.025 0.020989505247376312
0 0.270625 0.4017991004497751 0.02125 0.0239880059970015
1 0.340625 0.1701649175412294 0.0525 0.08395802098950525
2 0.333125 0.1454272863568216 0.00625 0.005997001499250375
2 0.903125 0.1904047976011994 0.01125 0.010494752623688156
0 0.884375 0.12668665667166418 0.02 0.025487256371814093
1 0.86875 0.2638680659670165 0.07 0.08095952023988005
0 0.84125 0.20614692653673164 0.02125 0.020989505247376312
2 0.698125 0.30884557721139433 0.01125 0.010494752623688156
2 0.708125 0.36806596701649175 0.01125 0.01199400299850075
0 0.921875 0.3530734632683658 0.01625 0.019490254872563718
0 0.90125 0.37556221889055474 0.02 0.019490254872563718
0 0.924375 0.4700149925037481 0.01625 0.01649175412293853
0 0.945625 0.4490254872563718 0.02 0.0239880059970015
2 0.89875 0.4625187406296852 0.0075 0.0074962518740629685
2 0.90625 0.4827586206896552 0.01 0.01199400299850075
1 0.968125 0.5614692653673163 0.055 0.10044977511244378
2 0.584375 0.3058470764617691 0.00375 0.005997001499250375
2 0.73875 0.5442278860569715 0.0125 0.014992503748125937
2 0.755625 0.6551724137931034 0.01125 0.013493253373313344