3 0.6925 0.4573353293413174 0.0275 0.008982035928143712
3 0.6175 0.45583832335329344 0.0125 0.0074850299401197605
3 0.765 0.46032934131736525 0.02625 0.01347305389221557
3 0.596875 0.4341317365269461 0.00875 0.016467065868263474
3 0.581875 0.3458083832335329 0.0125 0.017964071856287425
3 0.5725 0.27844311377245506 0.01625 0.019461077844311378
3 0.555625 0.1721556886227545 0.0175 0.019461077844311378
3 0.43875 0.11377245508982035 0.025 0.016467065868263474
3 0.35 0.11302395209580839 0.0175 0.010479041916167664
2 0.165625 0.1781437125748503 0.00625 0.005988023952095809
2 0.214375 0.18338323353293412 0.01125 0.008982035928143712
2 0.2025 0.07709580838323353 0.01375 0.011976047904191617
3 0.24125 0.16392215568862276 0.0175 0.025449101796407185
2 0.226875 0.6489520958083832 0.00875 0.008982035928143712
3 0.229375 0.5703592814371258 0.0175 0.0718562874251497
3 0.2875 0.5074850299401198 0.0175 0.020958083832335328
3 0.33 0.7994011976047904 0.0175 0.019461077844311378
3 0.3125 0.6691616766467066 0.025 0.0344311377245509
3 0.26375 0.3323353293413174 0.0225 0.029940119760479042
2 0.1925 0.4086826347305389 0.0125 0.008982035928143712
3 0.19875 0.36077844311377244 0.0125 0.03143712574850299
3 0.18375 0.2372754491017964 0.01625 0.04341317365269461
3 0.16625 0.07260479041916168 0.01875 0.0374251497005988
2 0.668125 0.26497005988023953 0.01875 0.020958083832335328
2 0.656875 0.17365269461077845 0.02 0.017964071856287425
3 0.685625 0.08383233532934131 0.05625 0.059880239520958084
3 0.600625 0.05688622754491018 0.035 0.041916167664670656