0 0.208125 0.0712143928035982 0.02875 0.034482758620689655
2 0.186875 0.15517241379310345 0.01375 0.014992503748125937
2 0.17 0.22038980509745126 0.015 0.014992503748125937
2 0.140625 0.6664167916041979 0.045 0.1454272863568216
0 0.18125 0.5112443778110944 0.03375 0.025487256371814093
0 0.59375 0.1934032983508246 0.0175 0.031484257871064465
2 0.590625 0.25037481259370314 0.01125 0.01199400299850075
2 0.58625 0.3268365817091454 0.015 0.017991004497751123
2 0.580625 0.5554722638680659 0.01625 0.019490254872563718
2 0.575 0.7053973013493253 0.015 0.01649175412293853
2 0.529375 0.09220389805097451 0.0275 0.0239880059970015
2 0.52625 0.15142428785607195 0.02125 0.020989505247376312
2 0.67375 0.1424287856071964 0.02 0.01649175412293853
2 0.689375 0.08395802098950525 0.02125 0.019490254872563718
1 0.77 0.404047976011994 0.035 0.07196401799100449
0 0.37375 0.15367316341829085 0.02625 0.0239880059970015
2 0.6025 0.10644677661169415 0.1075 0.07496251874062969
2 0.136875 0.5442278860569715 0.01375 0.019490254872563718
0 0.0375 0.8125937031484258 0.03 0.034482758620689655