0 0.1575 0.027694610778443114 0.02875 0.03293413173652695
2 0.14625 0.11077844311377245 0.015 0.016467065868263474
2 0.13625 0.17440119760479042 0.01625 0.016467065868263474
2 0.156875 0.6205089820359282 0.04625 0.1407185628742515
0 0.179375 0.46781437125748504 0.0325 0.025449101796407185
0 0.559375 0.20209580838323354 0.0175 0.03143712574850299
2 0.563125 0.25898203592814373 0.01125 0.011976047904191617
2 0.5675 0.33532934131736525 0.01625 0.019461077844311378
2 0.586875 0.5666167664670658 0.0175 0.020958083832335328
2 0.599375 0.7163173652694611 0.01625 0.017964071856287425
2 0.484375 0.09131736526946108 0.02625 0.023952095808383235
2 0.48625 0.15119760479041916 0.02125 0.020958083832335328
2 0.63375 0.16092814371257486 0.02 0.017964071856287425
2 0.64375 0.10479041916167664 0.02125 0.019461077844311378
1 0.760625 0.43862275449101795 0.03375 0.07035928143712575
0 0.333125 0.13323353293413173 0.025 0.023952095808383235
0 0.82 0.5688622754491018 0.025 0.029940119760479042
2 0.81375 0.531437125748503 0.01625 0.017964071856287425
2 0.558125 0.11601796407185629 0.10375 0.0748502994011976
2 0.139375 0.49700598802395207 0.015 0.020958083832335328
3 0.7175 0.19760479041916168 0.02 0.023952095808383235
3 0.729375 0.17140718562874252 0.02 0.019461077844311378
3 0.74 0.13622754491017963 0.0175 0.02694610778443114
0 0.755 0.19236526946107785 0.01375 0.020958083832335328
0 0.069375 0.7537425149700598 0.03 0.03293413173652695