2 0.3725 0.6631736526946108 0.05 0.059880239520958084
2 0.51875 0.6781437125748503 0.03125 0.03293413173652695
0 0.934375 0.6047904191616766 0.05625 0.04790419161676647
2 0.199375 0.8338323353293413 0.19625 0.08083832335329341
0 0.046875 0.6227544910179641 0.0675 0.09131736526946108
2 0.38125 0.4977544910179641 0.03375 0.03592814371257485
2 0.388125 0.3001497005988024 0.0275 0.023952095808383235
0 0.66 0.029191616766467067 0.03 0.02245508982035928
0 0.809375 0.033682634730538924 0.025 0.02694610778443114
2 0.335 0.1062874251497006 0.02375 0.023952095808383235
2 0.353125 0.17889221556886228 0.02125 0.023952095808383235
2 0.49875 0.16092814371257486 0.02375 0.023952095808383235
2 0.495625 0.0845808383233533 0.01875 0.017964071856287425
2 0.33 0.19311377245508982 0.00875 0.010479041916167664
3 0.245625 0.13847305389221556 0.01875 0.02694610778443114
3 0.258125 0.18413173652694612 0.015 0.02694610778443114
3 0.268125 0.22005988023952097 0.015 0.02694610778443114
1 0.185625 0.3031437125748503 0.06125 0.12125748502994012
2 0.195 0.5082335329341318 0.01 0.017964071856287425
0 0.21875 0.0658682634730539 0.025 0.023952095808383235
2 0.443125 0.8585329341317365 0.01875 0.014970059880239521
2 0.80125 0.8413173652694611 0.0175 0.017964071856287425
2 0.940625 0.4752994011976048 0.01875 0.020958083832335328
0 0.19125 0.5501497005988024 0.02875 0.0374251497005988