2 0.464375 0.27511244377811095 0.00875 0.010494752623688156
2 0.576875 0.2893553223388306 0.01 0.013493253373313344
2 0.576875 0.3613193403298351 0.0125 0.01199400299850075
2 0.575 0.5772113943028486 0.01875 0.019490254872563718
2 0.573125 0.719640179910045 0.015 0.019490254872563718
1 0.391875 0.20839580209895053 0.02875 0.07496251874062969
0 0.765625 0.18815592203898052 0.01875 0.026986506746626688
2 0.82125 0.1619190404797601 0.01375 0.013493253373313344
2 0.83125 0.22263868065967016 0.01375 0.013493253373313344
1 0.78375 0.24512743628185907 0.06875 0.05847076461769116
2 0.77125 0.2436281859070465 0.0075 0.01199400299850075
0 0.821875 0.5134932533733133 0.02 0.0239880059970015
0 0.80875 0.38980509745127434 0.0175 0.022488755622188907
2 0.79375 0.49775112443778113 0.015 0.01199400299850075
2 0.794375 0.5217391304347826 0.00875 0.013493253373313344
2 0.260625 0.9752623688155923 0.07375 0.046476761619190406
0 0.811875 0.08695652173913043 0.02625 0.031484257871064465
1 0.355 0.7556221889055472 0.0675 0.08395802098950525
2 0.3875 0.2353823088455772 0.00875 0.0074962518740629685
2 0.449375 0.20539730134932535 0.0075 0.0074962518740629685
1 0.65625 0.15442278860569716 0.045 0.10044977511244378
1 0.7175 0.15967016491754124 0.04875 0.09145427286356822
0 0.894375 0.7616191904047976 0.03125 0.03298350824587706