0 0.166875 0.0712143928035982 0.02625 0.034482758620689655
2 0.154375 0.15517241379310345 0.0125 0.014992503748125937
2 0.1425 0.22038980509745126 0.01375 0.014992503748125937
2 0.155625 0.6664167916041979 0.04125 0.1454272863568216
0 0.18125 0.5112443778110944 0.03 0.025487256371814093
0 0.56625 0.1934032983508246 0.01625 0.031484257871064465
2 0.568125 0.25037481259370314 0.01 0.01199400299850075
2 0.57125 0.3268365817091454 0.01375 0.017991004497751123
2 0.585625 0.5554722638680659 0.015 0.019490254872563718
2 0.595 0.7053973013493253 0.01375 0.01649175412293853
2 0.491875 0.09220389805097451 0.025 0.0239880059970015
2 0.49375 0.15142428785607195 0.01875 0.020989505247376312
2 0.64 0.1424287856071964 0.0175 0.01649175412293853
2 0.650625 0.08395802098950525 0.01875 0.019490254872563718
1 0.76125 0.404047976011994 0.03125 0.07196401799100449
0 0.34125 0.15367316341829085 0.02375 0.0239880059970015
0 0.8175 0.527736131934033 0.02375 0.031484257871064465
2 0.8125 0.4910044977511244 0.01375 0.01649175412293853
2 0.56625 0.10644677661169415 0.0975 0.07496251874062969
2 0.139375 0.5442278860569715 0.0125 0.019490254872563718
3 0.723125 0.1679160419790105 0.01875 0.022488755622188907
3 0.735 0.1401799100449775 0.0175 0.017991004497751123
3 0.7475 0.10344827586206896 0.01625 0.025487256371814093
0 0.760625 0.15742128935532235 0.01125 0.020989505247376312
0 0.06625 0.8125937031484258 0.0275 0.034482758620689655