0 0.170625 0.024737631184407798 0.025 0.03298350824587706
2 0.156875 0.10719640179910045 0.0125 0.01649175412293853
2 0.144375 0.17091454272863568 0.01375 0.01649175412293853
2 0.154375 0.6176911544227887 0.04 0.1469265367316342
0 0.18125 0.46551724137931033 0.02875 0.025487256371814093
0 0.568125 0.20389805097451275 0.015 0.031484257871064465
2 0.56875 0.2608695652173913 0.01 0.01199400299850075
2 0.5725 0.3373313343328336 0.01375 0.019490254872563718
2 0.585625 0.568215892053973 0.015 0.020989505247376312
2 0.593125 0.7188905547226386 0.01375 0.017991004497751123
2 0.495 0.09145427286356822 0.02375 0.0239880059970015
2 0.49625 0.15142428785607195 0.01875 0.020989505247376312
2 0.6425 0.1619190404797601 0.0175 0.017991004497751123
2 0.653125 0.10644677661169415 0.01875 0.019490254872563718
1 0.7625 0.44152923538230887 0.03 0.07196401799100449
0 0.34375 0.13193403298350825 0.0225 0.0239880059970015
0 0.818125 0.5734632683658171 0.0225 0.029985007496251874
2 0.8125 0.5359820089955023 0.01375 0.017991004497751123
2 0.568125 0.11694152923538231 0.09625 0.07496251874062969
2 0.14 0.49325337331334335 0.0125 0.020989505247376312
3 0.724375 0.19940029985007496 0.0175 0.0239880059970015
3 0.7375 0.17466266866566715 0.0175 0.019490254872563718
3 0.749375 0.1386806596701649 0.015 0.026986506746626688
0 0.761875 0.1956521739130435 0.01125 0.022488755622188907
0 0.06375 0.7496251874062968 0.02625 0.03298350824587706