2 0.355 0.664167916041979 0.05 0.05997001499250375
2 0.49875 0.679160419790105 0.03125 0.03298350824587706
0 0.921875 0.6056971514242878 0.05625 0.047976011994003
2 0.161875 0.8350824587706147 0.19625 0.08095952023988005
0 0.034375 0.623688155922039 0.0675 0.09145427286356822
2 0.38125 0.4985007496251874 0.03375 0.035982008995502246
2 0.410625 0.30059970014992504 0.0275 0.0239880059970015
0 0.7125 0.02923538230884558 0.03 0.022488755622188907
0 0.861875 0.03373313343328336 0.025 0.026986506746626688
2 0.4425 0.11544227886056972 0.02375 0.017991004497751123
2 0.449375 0.05847076461769116 0.01375 0.01199400299850075
2 0.518125 0.044977511244377814 0.02 0.01199400299850075
2 0.403125 0.05247376311844078 0.025 0.014992503748125937
2 0.38 0.10644677661169415 0.02375 0.0239880059970015
2 0.388125 0.17916041979010494 0.02125 0.0239880059970015
2 0.53625 0.16116941529235382 0.02375 0.0239880059970015
2 0.540625 0.08470764617691154 0.01875 0.017991004497751123
2 0.365 0.1934032983508246 0.00875 0.010494752623688156
3 0.285625 0.1386806596701649 0.01875 0.026986506746626688
3 0.293125 0.18440779610194902 0.015 0.026986506746626688
3 0.298125 0.22038980509745126 0.015 0.026986506746626688
1 0.208125 0.30359820089955025 0.06125 0.12143928035982009
2 0.195 0.5089955022488756 0.01 0.017991004497751123
0 0.26625 0.06596701649175413 0.025 0.0239880059970015
2 0.403125 0.8598200899550225 0.01875 0.014992503748125937
2 0.76375 0.8425787106446777 0.0175 0.017991004497751123
2 0.943125 0.4760119940029985 0.01875 0.020989505247376312
0 0.18625 0.5509745127436282 0.02875 0.037481259370314844