0 0.2325 0.08170914542728636 0.02875 0.034482758620689655
2 0.2075 0.1664167916041979 0.01375 0.01649175412293853
2 0.185625 0.23238380809595202 0.01625 0.01649175412293853
2 0.133125 0.6776611694152923 0.045 0.14992503748125938
0 0.1825 0.5209895052473763 0.0325 0.025487256371814093
0 0.609375 0.191904047976012 0.0175 0.03298350824587706
2 0.6025 0.24737631184407796 0.01125 0.013493253373313344
2 0.595 0.3238380809595202 0.01625 0.019490254872563718
2 0.576875 0.553223388305847 0.0175 0.020989505247376312
2 0.564375 0.7023988005997002 0.01625 0.017991004497751123
2 0.55 0.09295352323838081 0.0275 0.0239880059970015
2 0.54375 0.15142428785607195 0.02125 0.020989505247376312
2 0.69125 0.13793103448275862 0.02 0.017991004497751123
2 0.709375 0.07946026986506746 0.02125 0.019490254872563718
1 0.77375 0.39655172413793105 0.035 0.07496251874062969
0 0.3925 0.15892053973013492 0.02625 0.0239880059970015
2 0.621875 0.10494752623688156 0.10875 0.07646176911544228
2 0.136875 0.5562218890554723 0.01375 0.020989505247376312
0 0.023125 0.8260869565217391 0.03 0.034482758620689655