0 0.070625 0.6646706586826348 0.0525 0.04940119760479042
2 0.516875 0.48353293413173654 0.0425 0.04491017964071856
3 0.49125 0.6758982035928144 0.03625 0.15568862275449102
3 0.614375 0.6639221556886228 0.06125 0.13622754491017963
2 0.904375 0.7103293413173652 0.01875 0.019461077844311378
2 0.305 0.15568862275449102 0.00875 0.008982035928143712
2 0.39125 0.18338323353293412 0.01 0.010479041916167664
2 0.3975 0.2118263473053892 0.01 0.0074850299401197605
1 0.38 0.15494011976047903 0.04875 0.15568862275449102
1 0.298125 0.11751497005988024 0.04 0.10179640718562874
1 0.241875 0.1998502994011976 0.0775 0.05538922155688623
2 0.249375 0.20134730538922155 0.0175 0.01347305389221557
2 0.255625 0.25823353293413176 0.0125 0.008982035928143712
2 0.25 0.2994011976047904 0.0125 0.010479041916167664
2 0.156875 0.3158682634730539 0.01375 0.01347305389221557
2 0.150625 0.3405688622754491 0.0175 0.011976047904191617
0 0.21 0.06437125748502993 0.03125 0.023952095808383235
0 0.071875 0.07934131736526946 0.03 0.025449101796407185
0 0.17125 0.4199101796407186 0.02875 0.03143712574850299
0 0.195625 0.3106287425149701 0.02875 0.03293413173652695
2 0.1825 0.5052395209580839 0.01875 0.023952095808383235
2 0.48375 0.3031437125748503 0.035 0.02694610778443114
2 0.443125 0.11152694610778444 0.02 0.011976047904191617
2 0.430625 0.061377245508982034 0.0125 0.0074850299401197605
2 0.854375 0.26122754491017963 0.0275 0.019461077844311378
2 0.55625 0.010479041916167664 0.01 0.010479041916167664
1 0.68125 0.2342814371257485 0.0525 0.0718562874251497
2 0.681875 0.22380239520958084 0.01375 0.010479041916167664
2 0.19875 0.12874251497005987 0.00875 0.008982035928143712
2 0.195625 0.1437125748502994 0.0125 0.011976047904191617
2 0.44125 0.8652694610778443 0.0175 0.008982035928143712