2 0.725 0.8575712143928036 0.05 0.05997001499250375
2 0.326875 0.795352323838081 0.015 0.01649175412293853
2 0.273125 0.6011994002998501 0.01 0.01199400299850075
2 0.163125 0.19865067466266867 0.01 0.01199400299850075
2 0.11625 0.20389805097451275 0.03125 0.026986506746626688
2 0.019375 0.22188905547226387 0.03875 0.05697151424287856
1 0.10625 0.3980509745127436 0.05375 0.041979010494752625
1 0.030625 0.5314842578710645 0.05375 0.10944527736131934
2 0.03 0.5584707646176912 0.01625 0.01649175412293853
2 0.27375 0.7488755622188905 0.01 0.01199400299850075
0 0.28125 0.49325337331334335 0.025 0.019490254872563718
0 0.28 0.41829085457271364 0.02375 0.020989505247376312
0 0.263125 0.37031484257871067 0.02 0.0239880059970015
1 0.31625 0.14617691154422788 0.04875 0.08695652173913043
2 0.308125 0.1206896551724138 0.00625 0.005997001499250375
2 0.883125 0.2436281859070465 0.01 0.010494752623688156
0 0.85875 0.17691154422788605 0.01875 0.025487256371814093
1 0.853125 0.31334332833583206 0.06625 0.08395802098950525
0 0.82125 0.25112443778110943 0.02 0.020989505247376312
2 0.685 0.3350824587706147 0.01 0.010494752623688156
2 0.699375 0.39580209895052476 0.01 0.01199400299850075
0 0.911875 0.4107946026986507 0.015 0.019490254872563718
0 0.89375 0.4295352323838081 0.01875 0.019490254872563718
0 0.9225 0.527736131934033 0.015 0.01649175412293853
0 0.9425 0.5097451274362819 0.01875 0.0239880059970015
2 0.8975 0.5164917541229386 0.0075 0.0074962518740629685
2 0.90625 0.5374812593703149 0.00875 0.01199400299850075
1 0.973125 0.6259370314842578 0.05125 0.10344827586206896
2 0.57 0.31634182908545727 0.00375 0.005997001499250375
2 0.743125 0.5779610194902549 0.01 0.01649175412293853
2 0.7675 0.6904047976011994 0.01 0.013493253373313344