0 0.466875 0.308095952023988 0.025 0.03298350824587706
0 0.3875 0.3238380809595202 0.025 0.029985007496251874
0 0.446875 0.3868065967016492 0.025 0.029985007496251874
2 0.109375 0.8185907046476761 0.01125 0.013493253373313344
2 0.071875 0.8088455772113943 0.00875 0.013493253373313344
3 0.739375 0.684407796101949 0.015 0.07496251874062969
3 0.781875 0.7031484257871065 0.0175 0.07796101949025487
3 0.51625 0.3403298350824588 0.01125 0.043478260869565216
3 0.71 0.3065967016491754 0.02125 0.038980509745127435
3 0.195 0.5119940029985007 0.04 0.09895052473763119
2 0.20125 0.5067466266866567 0.03 0.0239880059970015
3 0.141875 0.7998500749625187 0.0125 0.01649175412293853
3 0.058125 0.883808095952024 0.025 0.05247376311844078
3 0.735 0.7368815592203898 0.1175 0.022488755622188907
3 0.50375 0.260119940029985 0.0175 0.03298350824587706
3 0.516875 0.20539730134932535 0.015 0.029985007496251874
2 0.625625 0.7991004497751124 0.02875 0.025487256371814093
2 0.609375 0.9580209895052474 0.0275 0.029985007496251874
2 0.54125 0.25037481259370314 0.01 0.008995502248875561
3 0.335 0.7556221889055472 0.03375 0.01199400299850075
3 0.24125 0.7563718140929535 0.02875 0.019490254872563718
1 0.6275 0.4760119940029985 0.07125 0.13343328335832083