2 0.344375 0.6746626686656672 0.055 0.06446776611694154
2 0.488125 0.6784107946026986 0.03375 0.034482758620689655
0 0.9175 0.5742128935532234 0.0625 0.05247376311844078
2 0.141875 0.8583208395802099 0.21 0.08995502248875563
0 0.03125 0.6574212893553223 0.0625 0.09745127436281859
2 0.38125 0.5067466266866567 0.03625 0.037481259370314844
2 0.42125 0.30884557721139433 0.03 0.025487256371814093
0 0.740625 0.01649175412293853 0.03375 0.0239880059970015
0 0.89 0.01199400299850075 0.0275 0.0239880059970015
2 0.465625 0.12143928035982009 0.02625 0.019490254872563718
2 0.475625 0.06446776611694154 0.01375 0.013493253373313344
2 0.545 0.044977511244377814 0.02125 0.01199400299850075
2 0.429375 0.06296851574212893 0.02625 0.01649175412293853
2 0.4025 0.11694152923538231 0.025 0.025487256371814093
2 0.406875 0.1896551724137931 0.0225 0.025487256371814093
2 0.55625 0.16041979010494753 0.025 0.025487256371814093
2 0.565625 0.08395802098950525 0.02125 0.020989505247376312
2 0.38125 0.20614692653673164 0.01 0.010494752623688156
3 0.306875 0.15667166416791603 0.02 0.029985007496251874
3 0.31125 0.20164917541229385 0.015 0.02848575712143928
3 0.315 0.2368815592203898 0.015 0.02848575712143928
1 0.21875 0.32608695652173914 0.06625 0.12893553223388307
2 0.1925 0.5322338830584707 0.0125 0.019490254872563718
0 0.29125 0.08470764617691154 0.02625 0.025487256371814093
2 0.381875 0.8658170914542729 0.02125 0.017991004497751123
2 0.74375 0.8223388305847077 0.02 0.020989505247376312
2 0.945625 0.44302848575712145 0.02125 0.0239880059970015
0 0.181875 0.5742128935532234 0.03125 0.038980509745127435