2 0.155 0.3065967016491754 0.0275 0.02848575712143928
2 0.498125 0.5719640179910045 0.02125 0.019490254872563718
3 0.4875 0.5862068965517241 0.03875 0.08095952023988005
3 0.5375 0.618440779610195 0.1225 0.03298350824587706
1 0.665 0.22038980509745126 0.14875 0.239880059970015
0 0.653125 0.29985007496251875 0.035 0.02848575712143928
0 0.69375 0.22788605697151423 0.04125 0.02848575712143928
0 0.6475 0.13493253373313344 0.0375 0.035982008995502246
0 0.61875 0.21739130434782608 0.03125 0.0239880059970015
2 0.643125 0.17916041979010494 0.01875 0.022488755622188907
2 0.655 0.24512743628185907 0.01125 0.01649175412293853
2 0.671875 0.20764617691154422 0.01125 0.01649175412293853
2 0.680625 0.2691154422788606 0.01625 0.025487256371814093
2 0.800625 0.27061469265367316 0.01 0.013493253373313344
1 0.256875 0.07721139430284858 0.03 0.07796101949025487
1 0.46625 0.0727136431784108 0.0575 0.136431784107946
2 0.46875 0.10119940029985007 0.00875 0.008995502248875561
2 0.255 0.06746626686656672 0.01125 0.008995502248875561
3 0.4625 0.020989505247376312 0.02875 0.01649175412293853
2 0.46375 0.12593703148425786 0.00875 0.01199400299850075
2 0.60625 0.3620689655172414 0.01 0.01199400299850075
2 0.515 0.13268365817091454 0.00375 0.005997001499250375
3 0.494375 0.11469265367316342 0.0175 0.034482758620689655
3 0.763125 0.8388305847076462 0.02 0.05247376311844078
2 0.7325 0.7706146926536732 0.00625 0.0074962518740629685
2 0.75875 0.7691154422788605 0.00875 0.008995502248875561
3 0.244375 0.5052473763118441 0.03125 0.10194902548725637
2 0.24125 0.6581709145427287 0.01375 0.013493253373313344