0 0.0425 0.6579341317365269 0.04625 0.04640718562874251
2 0.52 0.4842814371257485 0.0375 0.04341317365269461
3 0.46375 0.6758982035928144 0.0275 0.1497005988023952
3 0.58875 0.6646706586826348 0.0525 0.1317365269461078
2 0.871875 0.7155688622754491 0.015 0.017964071856287425
2 0.35875 0.15419161676646706 0.0075 0.008982035928143712
2 0.440625 0.18188622754491018 0.00875 0.010479041916167664
2 0.443125 0.21032934131736528 0.00875 0.0074850299401197605
1 0.435 0.15419161676646706 0.04 0.1497005988023952
1 0.358125 0.11676646706586827 0.0325 0.09730538922155689
1 0.289375 0.19760479041916168 0.0675 0.05089820359281437
2 0.296875 0.19835329341317365 0.015 0.011976047904191617
2 0.2925 0.2559880239520958 0.01125 0.008982035928143712
2 0.280625 0.2964071856287425 0.01125 0.010479041916167664
2 0.185 0.312125748502994 0.0125 0.011976047904191617
2 0.175 0.33607784431137727 0.015 0.010479041916167664
0 0.27875 0.061377245508982034 0.02625 0.02245508982035928
0 0.1375 0.0748502994011976 0.025 0.023952095808383235
0 0.1825 0.4154191616766467 0.02375 0.02844311377245509
0 0.224375 0.3068862275449102 0.02375 0.029940119760479042
2 0.18 0.500748502994012 0.015 0.02245508982035928
2 0.514375 0.3031437125748503 0.02875 0.025449101796407185
2 0.504375 0.1122754491017964 0.0175 0.010479041916167664
2 0.50125 0.061377245508982034 0.01125 0.0074850299401197605
2 0.895625 0.26721556886227543 0.0225 0.017964071856287425
2 0.634375 0.01347305389221557 0.00875 0.010479041916167664
1 0.72375 0.23802395209580837 0.04625 0.0688622754491018
2 0.72625 0.22679640718562874 0.0125 0.008982035928143712
2 0.255625 0.125 0.0075 0.008982035928143712
2 0.2525 0.13997005988023953 0.01125 0.011976047904191617
2 0.38125 0.8637724550898204 0.015 0.0074850299401197605