3 0.696875 0.46407185628742514 0.0275 0.0074850299401197605
3 0.620625 0.46107784431137727 0.0125 0.0074850299401197605
3 0.770625 0.47005988023952094 0.02625 0.011976047904191617
3 0.600625 0.437874251497006 0.00875 0.016467065868263474
3 0.59 0.3495508982035928 0.0125 0.017964071856287425
3 0.583125 0.28218562874251496 0.01625 0.019461077844311378
3 0.57125 0.17589820359281438 0.0175 0.019461077844311378
3 0.455625 0.11377245508982035 0.025 0.014970059880239521
3 0.366875 0.11077844311377245 0.0175 0.010479041916167664
2 0.1775 0.16766467065868262 0.00625 0.005988023952095809
2 0.2275 0.1751497005988024 0.01125 0.008982035928143712
2 0.21875 0.0688622754491018 0.01375 0.011976047904191617
3 0.25375 0.15718562874251496 0.01625 0.025449101796407185
2 0.216875 0.6377245508982036 0.00875 0.008982035928143712
3 0.224375 0.5598802395209581 0.01625 0.07035928143712575
3 0.285 0.5 0.0175 0.020958083832335328
3 0.315625 0.7919161676646707 0.0175 0.019461077844311378
3 0.3025 0.6616766467065869 0.0225 0.03143712574850299
3 0.26875 0.3248502994011976 0.02125 0.02694610778443114
2 0.19375 0.39820359281437123 0.0125 0.008982035928143712
3 0.201875 0.3502994011976048 0.01125 0.029940119760479042
3 0.1925 0.2275449101796407 0.01375 0.041916167664670656
3 0.1825 0.06362275449101797 0.0175 0.03592814371257485
2 0.680625 0.27245508982035926 0.01875 0.020958083832335328
2 0.671875 0.18113772455089822 0.02 0.017964071856287425
3 0.70625 0.09356287425149701 0.05625 0.058383233532934134
3 0.62125 0.06362275449101797 0.0325 0.038922155688622756