2 0.2 0.29985007496251875 0.02375 0.026986506746626688
2 0.479375 0.5719640179910045 0.01875 0.017991004497751123
3 0.46625 0.5854572713643178 0.035 0.07646176911544228
3 0.5075 0.618440779610195 0.10875 0.031484257871064465
1 0.738125 0.22563718140929534 0.1325 0.22788605697151423
0 0.7075 0.30359820089955025 0.03 0.026986506746626688
0 0.766875 0.23163418290854573 0.0375 0.026986506746626688
0 0.741875 0.1401799100449775 0.0325 0.034482758620689655
0 0.6925 0.22113943028485758 0.0275 0.022488755622188907
2 0.7275 0.18440779610194902 0.01625 0.020989505247376312
2 0.721875 0.25037481259370314 0.01 0.014992503748125937
2 0.74875 0.2128935532233883 0.01 0.014992503748125937
2 0.7425 0.27436281859070466 0.01375 0.0239880059970015
2 0.8625 0.27886056971514245 0.00875 0.01199400299850075
1 0.36125 0.07571214392803598 0.02625 0.0734632683658171
1 0.575 0.07421289355322339 0.05125 0.12893553223388307
2 0.57 0.10344827586206896 0.0075 0.008995502248875561
2 0.3625 0.06671664167916042 0.01 0.008995502248875561
3 0.584375 0.023238380809595203 0.025 0.014992503748125937
2 0.56 0.12743628185907047 0.0075 0.010494752623688156
2 0.643125 0.3658170914542729 0.00875 0.010494752623688156
2 0.60875 0.13493253373313344 0.00375 0.005997001499250375
3 0.593125 0.11544227886056972 0.015 0.03298350824587706
3 0.68 0.841079460269865 0.0175 0.049475262368815595
2 0.666875 0.7743628185907047 0.005 0.0074962518740629685
2 0.693125 0.7713643178410795 0.0075 0.008995502248875561
3 0.24 0.5007496251874063 0.0275 0.09745127436281859
2 0.198125 0.651424287856072 0.0125 0.01199400299850075