2 0.69375 0.8305847076461769 0.04875 0.06146926536731634
2 0.298125 0.820839580209895 0.01375 0.01649175412293853
2 0.263125 0.631184407796102 0.01 0.013493253373313344
2 0.189375 0.24062968515742128 0.01 0.013493253373313344
2 0.14125 0.25337331334332835 0.03125 0.026986506746626688
2 0.036875 0.2841079460269865 0.04875 0.05697151424287856
1 0.11375 0.4505247376311844 0.05375 0.043478260869565216
1 0.02625 0.5952023988005997 0.0525 0.11394302848575712
2 0.0225 0.6214392803598201 0.015 0.01649175412293853
2 0.24875 0.7818590704647677 0.01 0.013493253373313344
0 0.28125 0.5232383808095952 0.025 0.019490254872563718
0 0.28625 0.4482758620689655 0.02375 0.020989505247376312
0 0.273125 0.4002998500749625 0.02 0.0239880059970015
1 0.3475 0.1686656671664168 0.0475 0.08845577211394302
2 0.341875 0.1431784107946027 0.00625 0.005997001499250375
2 0.908125 0.1911544227886057 0.01 0.01199400299850075
0 0.89 0.12743628185907047 0.01875 0.025487256371814093
1 0.871875 0.2653673163418291 0.065 0.08545727136431784
0 0.84625 0.20614692653673164 0.02 0.020989505247376312
2 0.70125 0.3095952023988006 0.01 0.01199400299850075
2 0.709375 0.36881559220389803 0.01 0.013493253373313344
0 0.921875 0.3553223388305847 0.01375 0.019490254872563718
0 0.9025 0.3770614692653673 0.01875 0.019490254872563718
0 0.9225 0.4707646176911544 0.01375 0.01649175412293853
0 0.94375 0.4497751124437781 0.01875 0.0239880059970015
2 0.8975 0.46401799100449775 0.0075 0.0074962518740629685
2 0.905 0.4835082458770615 0.00875 0.013493253373313344
1 0.96625 0.5629685157421289 0.05375 0.10494752623688156
2 0.5875 0.3058470764617691 0.00375 0.005997001499250375
2 0.736875 0.5449775112443778 0.01 0.01649175412293853
2 0.75125 0.6559220389805097 0.01 0.014992503748125937