2 0.11 0.7976011994002998 0.01125 0.013493253373313344
2 0.073125 0.7833583208395802 0.0075 0.013493253373313344
3 0.736875 0.7016491754122939 0.01625 0.07496251874062969
3 0.77875 0.7218890554722639 0.01875 0.07796101949025487
3 0.516875 0.3403298350824588 0.0125 0.043478260869565216
3 0.19625 0.49250374812593706 0.04 0.10044977511244378
2 0.203125 0.48800599700149927 0.03125 0.025487256371814093
3 0.141875 0.7788605697151424 0.0125 0.01649175412293853
3 0.056875 0.8583208395802099 0.02375 0.053973013493253376
3 0.7325 0.7541229385307346 0.11375 0.025487256371814093
2 0.6225 0.808095952023988 0.03 0.026986506746626688
2 0.605 0.9685157421289355 0.02875 0.031484257871064465
3 0.334375 0.7481259370314842 0.0325 0.013493253373313344
3 0.240625 0.7413793103448276 0.02875 0.020989505247376312
1 0.626875 0.4835082458770615 0.07125 0.13493253373313344