3 0.705 0.44152923538230887 0.02625 0.008995502248875561
3 0.62875 0.44752623688155924 0.0125 0.0074962518740629685
3 0.77625 0.43853073463268366 0.025 0.013493253373313344
3 0.613125 0.4257871064467766 0.00875 0.017991004497751123
3 0.620625 0.3373313343328336 0.0125 0.019490254872563718
3 0.6275 0.2698650674662669 0.015 0.020989505247376312
3 0.635625 0.1634182908545727 0.01625 0.020989505247376312
3 0.5325 0.11394302848575712 0.02375 0.017991004497751123
3 0.4425 0.1206896551724138 0.01625 0.010494752623688156
2 0.240625 0.20089955022488756 0.005 0.005997001499250375
2 0.289375 0.20314842578710646 0.01125 0.008995502248875561
2 0.3025 0.0952023988005997 0.01375 0.01199400299850075
3 0.32 0.18065967016491755 0.01625 0.026986506746626688
2 0.188125 0.6739130434782609 0.00875 0.008995502248875561
3 0.210625 0.5937031484257871 0.01625 0.07496251874062969
3 0.28375 0.5262368815592204 0.01625 0.022488755622188907
3 0.25625 0.8185907046476761 0.01625 0.020989505247376312
3 0.27 0.6881559220389805 0.02375 0.034482758620689655
3 0.3025 0.35082458770614694 0.02125 0.029985007496251874
2 0.2125 0.431784107946027 0.0125 0.008995502248875561
3 0.23125 0.383808095952024 0.0125 0.031484257871064465
3 0.245 0.260119940029985 0.015 0.043478260869565216
3 0.2675 0.0952023988005997 0.0175 0.037481259370314844
2 0.726875 0.24887556221889057 0.0175 0.022488755622188907
2 0.736875 0.15742128935532235 0.01875 0.019490254872563718
3 0.786875 0.06446776611694154 0.05375 0.06146926536731634
3 0.708125 0.043478260869565216 0.0325 0.041979010494752625