3 0.69875 0.47604790419161674 0.025 0.0074850299401197605
3 0.62375 0.468562874251497 0.0125 0.0074850299401197605
3 0.77125 0.4865269461077844 0.02375 0.01347305389221557
3 0.605 0.44461077844311375 0.0075 0.017964071856287425
3 0.60125 0.3562874251497006 0.0125 0.019461077844311378
3 0.6 0.28892215568862273 0.015 0.020958083832335328
3 0.595 0.18263473053892215 0.01625 0.020958083832335328
3 0.48625 0.11377245508982035 0.0225 0.016467065868263474
3 0.3975 0.1062874251497006 0.01625 0.011976047904191617
2 0.2025 0.15119760479041916 0.005 0.005988023952095809
2 0.2525 0.16167664670658682 0.01 0.008982035928143712
2 0.2525 0.05538922155688623 0.01375 0.01347305389221557
3 0.28125 0.14520958083832336 0.015 0.02694610778443114
2 0.20625 0.6197604790419161 0.0075 0.008982035928143712
3 0.22 0.5434131736526946 0.01375 0.07634730538922156
3 0.285 0.4880239520958084 0.01625 0.02245508982035928
3 0.2925 0.7784431137724551 0.01625 0.020958083832335328
3 0.29 0.6482035928143712 0.02125 0.0344311377245509
3 0.2825 0.312874251497006 0.02 0.02844311377245509
2 0.2025 0.38023952095808383 0.0125 0.008982035928143712
3 0.215 0.3338323353293413 0.01 0.03293413173652695
3 0.21375 0.2125748502994012 0.01375 0.04491017964071856
3 0.2175 0.04790419161676647 0.01625 0.038922155688622756
2 0.69875 0.2844311377245509 0.0175 0.02245508982035928
2 0.6975 0.19311377245508982 0.01875 0.019461077844311378
3 0.7375 0.1092814371257485 0.05 0.061377245508982034
3 0.655 0.0748502994011976 0.03 0.041916167664670656