2 0.4525 0.27436281859070466 0.00875 0.010494752623688156
2 0.56625 0.2893553223388306 0.01 0.013493253373313344
2 0.57 0.3613193403298351 0.01125 0.01199400299850075
2 0.58 0.5787106446776612 0.0175 0.017991004497751123
2 0.585 0.719640179910045 0.01375 0.017991004497751123
1 0.37625 0.20839580209895053 0.02625 0.07196401799100449
0 0.75 0.1904047976011994 0.0175 0.025487256371814093
2 0.805 0.16491754122938532 0.0125 0.013493253373313344
2 0.8175 0.22338830584707647 0.0125 0.013493253373313344
1 0.77125 0.24737631184407796 0.065 0.05547226386806597
2 0.75875 0.24437781109445278 0.0075 0.01199400299850075
0 0.82375 0.5142428785607196 0.01875 0.022488755622188907
0 0.80375 0.39280359820089955 0.01625 0.020989505247376312
2 0.795 0.4992503748125937 0.01375 0.01199400299850075
2 0.7975 0.5247376311844077 0.00875 0.013493253373313344
2 0.285 0.9752623688155923 0.07 0.046476761619190406
0 0.79125 0.08845577211394302 0.025 0.031484257871064465
1 0.3675 0.7541229385307346 0.06375 0.07946026986506746
2 0.37375 0.23388305847076463 0.00875 0.0074962518740629685
2 0.43375 0.20539730134932535 0.0075 0.0074962518740629685
1 0.63875 0.15592203898050974 0.0425 0.09745127436281859
1 0.7 0.1619190404797601 0.04625 0.08845577211394302
0 0.91 0.7646176911544228 0.03 0.03298350824587706