2 0.20125 0.3373313343328336 0.02375 0.026986506746626688
2 0.47875 0.5742128935532234 0.01875 0.017991004497751123
3 0.465 0.5892053973013494 0.0325 0.07946026986506746
3 0.50625 0.616191904047976 0.1125 0.025487256371814093
1 0.7425 0.19940029985007496 0.13 0.23088455772113944
0 0.71 0.2818590704647676 0.03125 0.026986506746626688
0 0.77 0.20389805097451275 0.0375 0.026986506746626688
0 0.7475 0.11394302848575712 0.03375 0.034482758620689655
0 0.69625 0.20089955022488756 0.02875 0.022488755622188907
2 0.73125 0.16041979010494753 0.01625 0.020989505247376312
2 0.725 0.22638680659670166 0.01 0.01649175412293853
2 0.75375 0.18590704647676162 0.01 0.01649175412293853
2 0.74625 0.24737631184407796 0.01375 0.0239880059970015
2 0.86625 0.2368815592203898 0.01 0.013493253373313344
1 0.36625 0.0944527736131934 0.025 0.07646176911544228
1 0.58 0.06746626686656672 0.04875 0.13343328335832083
2 0.575 0.09895052473763119 0.0075 0.008995502248875561
2 0.3675 0.08545727136431784 0.01125 0.008995502248875561
3 0.59 0.01649175412293853 0.02625 0.014992503748125937
2 0.56375 0.12293853073463268 0.0075 0.01199400299850075
2 0.645 0.3493253373313343 0.01 0.01199400299850075
2 0.61375 0.12443778110944528 0.00375 0.005997001499250375
3 0.5975 0.10794602698650675 0.015 0.03298350824587706
3 0.67625 0.8170914542728636 0.01625 0.049475262368815595
2 0.66375 0.7526236881559221 0.005 0.0074962518740629685
2 0.69 0.7481259370314842 0.0075 0.008995502248875561
3 0.23875 0.5307346326836582 0.025 0.10044977511244378
2 0.195 0.6866566716641679 0.01375 0.01199400299850075