0 0.04625 0.6176911544227887 0.04875 0.047976011994003
2 0.519375 0.48650674662668664 0.04125 0.044977511244377814
3 0.46875 0.6724137931034483 0.03125 0.15592203898050974
3 0.595 0.6724137931034483 0.0575 0.13493253373313344
2 0.880625 0.7481259370314842 0.01625 0.017991004497751123
2 0.3475 0.1431784107946027 0.00875 0.008995502248875561
2 0.430625 0.17841079460269865 0.01 0.010494752623688156
2 0.43375 0.20689655172413793 0.01 0.0074962518740629685
1 0.42375 0.14917541229385306 0.04375 0.15592203898050974
1 0.34625 0.10569715142428786 0.0375 0.10194902548725637
1 0.27875 0.18065967016491755 0.0725 0.053973013493253376
2 0.28625 0.18215892053973012 0.01625 0.01199400299850075
2 0.285 0.2391304347826087 0.0125 0.008995502248875561
2 0.27375 0.2773613193403298 0.0125 0.010494752623688156
2 0.178125 0.2856071964017991 0.01375 0.01199400299850075
2 0.1675 0.3073463268365817 0.01625 0.010494752623688156
0 0.264375 0.04422788605697151 0.03 0.0239880059970015
0 0.1225 0.04422788605697151 0.02875 0.025487256371814093
0 0.178125 0.3868065967016492 0.0275 0.031484257871064465
0 0.2175 0.2826086956521739 0.0275 0.03298350824587706
2 0.179375 0.47226386806596704 0.0175 0.022488755622188907
2 0.509375 0.30509745127436283 0.0325 0.026986506746626688
2 0.4925 0.11469265367316342 0.01875 0.010494752623688156
2 0.4875 0.06221889055472264 0.0125 0.0074962518740629685
2 0.89 0.30359820089955025 0.025 0.019490254872563718
2 0.62 0.027736131934032984 0.01 0.010494752623688156
1 0.7175 0.25862068965517243 0.05 0.0704647676161919
2 0.71875 0.24812593703148425 0.01375 0.008995502248875561
2 0.24375 0.10419790104947527 0.00875 0.008995502248875561
2 0.239375 0.1191904047976012 0.0125 0.01199400299850075
2 0.391875 0.8530734632683659 0.01625 0.0074962518740629685