3 0.705 0.4625187406296852 0.02625 0.008995502248875561
3 0.63125 0.46101949025487254 0.0125 0.0074962518740629685
3 0.776875 0.46851574212893554 0.025 0.013493253373313344
3 0.615625 0.43778110944527737 0.00875 0.01649175412293853
3 0.628125 0.3493253373313343 0.0125 0.017991004497751123
3 0.63875 0.2818590704647676 0.015 0.019490254872563718
3 0.653125 0.17616191904047976 0.01625 0.019490254872563718
3 0.555 0.11469265367316342 0.02375 0.01649175412293853
3 0.46625 0.11094452773613193 0.01625 0.010494752623688156
2 0.261875 0.1701649175412294 0.005 0.005997001499250375
2 0.309375 0.17616191904047976 0.01125 0.008995502248875561
2 0.32875 0.0704647676161919 0.01375 0.01199400299850075
3 0.3425 0.15817091454272864 0.01625 0.025487256371814093
2 0.1825 0.6394302848575713 0.00875 0.008995502248875561
3 0.209375 0.5622188905547226 0.01625 0.07196401799100449
3 0.285 0.5022488755622189 0.01625 0.020989505247376312
3 0.24125 0.7938530734632684 0.01625 0.019490254872563718
3 0.26125 0.664167916041979 0.02375 0.034482758620689655
3 0.31375 0.3275862068965517 0.02125 0.029985007496251874
2 0.220625 0.4002998500749625 0.0125 0.008995502248875561
3 0.240625 0.3530734632683658 0.0125 0.031484257871064465
3 0.263125 0.23013493253373313 0.015 0.043478260869565216
3 0.295 0.06446776611694154 0.0175 0.037481259370314844
2 0.738125 0.27136431784107945 0.0175 0.020989505247376312
2 0.753125 0.17991004497751126 0.01875 0.017991004497751123
3 0.809375 0.09220389805097451 0.05375 0.05997001499250375
3 0.7325 0.06296851574212893 0.0325 0.041979010494752625