2 0.199375 0.7758620689655172 0.20125 0.0944527736131934
2 0.365625 0.6304347826086957 0.06125 0.06446776611694154
2 0.52 0.6731634182908546 0.03 0.031484257871064465
0 0.94 0.6724137931034483 0.05625 0.05697151424287856
2 0.8675 0.49250374812593706 0.02125 0.020989505247376312
2 0.825625 0.39730134932533734 0.02 0.019490254872563718
2 0.75375 0.24737631184407796 0.0175 0.013493253373313344
2 0.728125 0.19640179910044978 0.0175 0.013493253373313344
2 0.38125 0.27586206896551724 0.03625 0.025487256371814093
2 0.394375 0.095952023988006 0.03125 0.020989505247376312
2 0.329375 0.07571214392803598 0.02625 0.0239880059970015
2 0.345 0.14917541229385306 0.02625 0.026986506746626688
2 0.499375 0.1664167916041979 0.0275 0.026986506746626688
2 0.49375 0.09220389805097451 0.02625 0.025487256371814093
0 0.813125 0.09070464767616192 0.03125 0.022488755622188907
0 0.659375 0.05997001499250375 0.0225 0.0239880059970015
2 0.464375 0.037481259370314844 0.025 0.01649175412293853
0 0.210625 0.017991004497751123 0.02625 0.025487256371814093
3 0.235 0.0944527736131934 0.01625 0.02848575712143928
3 0.25 0.1401799100449775 0.0175 0.02848575712143928
2 0.32375 0.16116941529235382 0.01 0.01199400299850075
3 0.258125 0.17316341829085458 0.01375 0.0239880059970015
0 0.036875 0.5307346326836582 0.065 0.08245877061469266
1 0.18 0.2556221889055472 0.06375 0.11394302848575712
2 0.348125 0.027736131934032984 0.02625 0.019490254872563718
0 0.3975 0.021739130434782608 0.02625 0.020989505247376312
2 0.93125 0.24737631184407796 0.01875 0.017991004497751123
2 0.964375 0.30434782608695654 0.00375 0.022488755622188907
2 0.85875 0.15817091454272864 0.0125 0.010494752623688156
2 0.86875 0.17391304347826086 0.01625 0.010494752623688156
2 0.598125 0.09895052473763119 0.00875 0.010494752623688156
2 0.21 0.13043478260869565 0.01 0.019490254872563718
2 0.4375 0.8380809595202399 0.01875 0.01649175412293853
2 0.8075 0.8868065967016492 0.01375 0.008995502248875561
2 0.76 0.13943028485757122 0.09125 0.08995502248875563