2 0.75625 0.8473053892215568 0.0525 0.05688622754491018
2 0.35375 0.8038922155688623 0.015 0.014970059880239521
2 0.28375 0.6107784431137725 0.01125 0.011976047904191617
2 0.13875 0.2125748502994012 0.01125 0.011976047904191617
1 0.1 0.4161676646706587 0.0575 0.040419161676646706
1 0.03625 0.5538922155688623 0.05625 0.10479041916167664
2 0.03875 0.5808383233532934 0.0175 0.014970059880239521
2 0.2975 0.7604790419161677 0.01125 0.011976047904191617
2 0.85625 0.2245508982035928 0.01125 0.010479041916167664
0 0.8275 0.1601796407185629 0.02 0.023952095808383235
1 0.83375 0.2949101796407186 0.06875 0.07934131736526946
0 0.7975 0.23502994011976047 0.02125 0.019461077844311378
2 0.66875 0.3248502994011976 0.01125 0.010479041916167664
2 0.68875 0.38622754491017963 0.01125 0.011976047904191617
0 0.9 0.38922155688622756 0.015 0.017964071856287425
0 0.885 0.4101796407185629 0.02 0.017964071856287425
0 0.9225 0.5074850299401198 0.015 0.014970059880239521
0 0.94125 0.4880239520958084 0.02 0.02245508982035928
2 0.89625 0.49700598802395207 0.00875 0.0074850299401197605
2 0.90625 0.5179640718562875 0.01 0.011976047904191617
1 0.97625 0.6025449101796407 0.045 0.10029940119760479
2 0.5525 0.31137724550898205 0.00375 0.005988023952095809
2 0.7475 0.5643712574850299 0.01125 0.014970059880239521
2 0.7825 0.6781437125748503 0.01125 0.01347305389221557