0 0.145625 0.059880239520958084 0.02625 0.0344311377245509
2 0.136875 0.14446107784431136 0.01375 0.016467065868263474
2 0.12875 0.20808383233532934 0.015 0.016467065868263474
2 0.163125 0.6549401197604791 0.04375 0.14520958083832336
0 0.18125 0.49925149700598803 0.03 0.025449101796407185
0 0.549375 0.19535928143712575 0.01625 0.03293413173652695
2 0.554375 0.2522455089820359 0.01 0.011976047904191617
2 0.56125 0.3278443113772455 0.015 0.019461077844311378
2 0.58875 0.5591317365269461 0.01625 0.020958083832335328
2 0.605625 0.7080838323353293 0.015 0.017964071856287425
2 0.470625 0.09206586826347306 0.025 0.023952095808383235
2 0.47625 0.15194610778443113 0.02 0.020958083832335328
2 0.621875 0.14595808383233533 0.01875 0.017964071856287425
2 0.629375 0.08832335329341318 0.02 0.019461077844311378
1 0.7575 0.41317365269461076 0.03125 0.0718562874251497
0 0.323125 0.14820359281437126 0.02375 0.023952095808383235
0 0.819375 0.5381736526946108 0.02375 0.03143712574850299
2 0.8125 0.5014970059880239 0.015 0.017964071856287425
2 0.545625 0.10853293413173652 0.0975 0.07634730538922156
2 0.1425 0.5329341317365269 0.01375 0.020958083832335328
0 0.743125 0.16541916167664672 0.0125 0.020958083832335328
0 0.081875 0.7964071856287425 0.0275 0.0344311377245509