2 0.47125 0.27136431784107945 0.00875 0.010494752623688156
2 0.5825 0.2908545727136432 0.01 0.013493253373313344
2 0.580625 0.36281859070464767 0.0125 0.01199400299850075
2 0.5725 0.5809595202398801 0.02 0.020989505247376312
2 0.56625 0.7233883058470765 0.01625 0.020989505247376312
1 0.400625 0.20389805097451275 0.03 0.07646176911544228
0 0.774375 0.19865067466266867 0.02 0.02848575712143928
2 0.83 0.17541229385307347 0.01375 0.01649175412293853
2 0.8375 0.23463268365817092 0.01375 0.01649175412293853
1 0.789375 0.2571214392803598 0.07 0.06146926536731634
2 0.776875 0.25487256371814093 0.0075 0.01199400299850075
0 0.82 0.5269865067466267 0.02125 0.025487256371814093
0 0.81125 0.4032983508245877 0.01875 0.0239880059970015
2 0.793125 0.5104947526236882 0.015 0.013493253373313344
2 0.793125 0.5344827586206896 0.00875 0.013493253373313344
2 0.24875 0.9700149925037481 0.075 0.05697151424287856
0 0.8225 0.09745127436281859 0.0275 0.03298350824587706
1 0.348125 0.7503748125937032 0.07 0.08695652173913043
2 0.395625 0.22938530734632684 0.00875 0.0074962518740629685
2 0.458125 0.20314842578710646 0.0075 0.0074962518740629685
1 0.66625 0.16041979010494753 0.0475 0.10194902548725637
1 0.725625 0.1686656671664168 0.05125 0.09295352323838081
0 0.88625 0.7796101949025487 0.0325 0.034482758620689655