2 0.151875 0.8605697151424287 0.19 0.08995502248875563
2 0.343125 0.6686656671664168 0.05625 0.06296851574212893
2 0.4925 0.6731634182908546 0.02875 0.03298350824587706
0 0.919375 0.5622188905547226 0.0525 0.05697151424287856
2 0.873125 0.39655172413793105 0.01875 0.019490254872563718
2 0.845625 0.3095952023988006 0.0175 0.017991004497751123
2 0.79625 0.17616191904047976 0.015 0.013493253373313344
2 0.77875 0.12893553223388307 0.015 0.013493253373313344
2 0.41375 0.30134932533733133 0.0325 0.0239880059970015
2 0.45625 0.11244377811094453 0.02875 0.020989505247376312
2 0.393125 0.10944527736131934 0.02375 0.0239880059970015
2 0.396875 0.18065967016491755 0.025 0.026986506746626688
2 0.55125 0.15817091454272864 0.02625 0.026986506746626688
2 0.558125 0.08320839580209895 0.025 0.025487256371814093
0 0.88125 0.005997001499250375 0.03 0.01199400299850075
0 0.730625 0.009745127436281859 0.02125 0.019490254872563718
2 0.53625 0.034482758620689655 0.02125 0.01649175412293853
0 0.281875 0.08095952023988005 0.025 0.025487256371814093
3 0.294375 0.15217391304347827 0.015 0.026986506746626688
3 0.301875 0.19490254872563717 0.01625 0.026986506746626688
2 0.373125 0.19790104947526238 0.00875 0.013493253373313344
3 0.30625 0.22788605697151423 0.0125 0.022488755622188907
0 0.0275 0.6529235382308846 0.055 0.08245877061469266
1 0.213125 0.3320839580209895 0.05625 0.11394302848575712
2 0.419375 0.05622188905547226 0.02375 0.019490254872563718
0 0.47125 0.035982008995502246 0.02375 0.020989505247376312
2 0.976875 0.12818590704647675 0.01625 0.01649175412293853
2 0.916875 0.05622188905547226 0.0125 0.008995502248875561
2 0.925 0.06896551724137931 0.015 0.008995502248875561
2 0.6625 0.06221889055472264 0.00875 0.01199400299850075
2 0.263125 0.1956521739130435 0.00875 0.019490254872563718
2 0.384375 0.8628185907046477 0.01625 0.014992503748125937
2 0.7525 0.8170914542728636 0.01375 0.0074962518740629685
2 0.820625 0.06296851574212893 0.085 0.08845577211394302