2 0.458125 0.2766116941529235 0.00875 0.010494752623688156
2 0.570625 0.2863568215892054 0.01 0.013493253373313344
2 0.573125 0.3583208395802099 0.0125 0.01199400299850075
2 0.5775 0.5742128935532234 0.01875 0.019490254872563718
2 0.579375 0.7158920539730135 0.015 0.019490254872563718
1 0.383125 0.2158920539730135 0.02875 0.07496251874062969
0 0.758125 0.17766116941529236 0.01875 0.026986506746626688
2 0.8125 0.15142428785607195 0.01375 0.013493253373313344
2 0.82375 0.20914542728635682 0.01375 0.013493253373313344
1 0.77625 0.23613193403298352 0.06875 0.05847076461769116
2 0.76375 0.2331334332833583 0.0075 0.01199400299850075
0 0.8225 0.4985007496251874 0.02 0.0239880059970015
0 0.8075 0.3778110944527736 0.0175 0.022488755622188907
2 0.795 0.48575712143928035 0.015 0.01199400299850075
2 0.796875 0.5097451274362819 0.00875 0.013493253373313344
2 0.275 0.9790104947526237 0.075 0.038980509745127435
0 0.800625 0.07496251874062969 0.02625 0.031484257871064465
1 0.3625 0.760119940029985 0.0675 0.08395802098950525
2 0.38 0.2413793103448276 0.00875 0.0074962518740629685
2 0.440625 0.2098950524737631 0.0075 0.0074962518740629685
1 0.64625 0.14842578710644677 0.045 0.10044977511244378
1 0.7075 0.15217391304347827 0.04875 0.09145427286356822
0 0.90375 0.7436281859070465 0.03125 0.03298350824587706