0 0.453125 0.38455772113943026 0.02625 0.031484257871064465
2 0.09875 0.8065967016491754 0.01125 0.013493253373313344
2 0.063125 0.7938530734632684 0.00875 0.013493253373313344
3 0.729375 0.6941529235382309 0.01625 0.07796101949025487
3 0.77125 0.7128935532233883 0.02 0.08095952023988005
3 0.523125 0.3403298350824588 0.0125 0.043478260869565216
3 0.71625 0.31259370314842577 0.0225 0.04047976011994003
3 0.19625 0.5014992503748126 0.04125 0.10194902548725637
2 0.204375 0.4970014992503748 0.0325 0.026986506746626688
3 0.131875 0.787856071964018 0.0125 0.017991004497751123
3 0.044375 0.8703148425787106 0.025 0.05547226386806597
3 0.7225 0.7466266866566716 0.1175 0.026986506746626688
2 0.61125 0.8050974512743628 0.03 0.02848575712143928
2 0.5875 0.9640179910044977 0.02875 0.031484257871064465
2 0.5275 0.3695652173913043 0.0125 0.008995502248875561
3 0.324375 0.7511244377811095 0.03375 0.013493253373313344
3 0.231875 0.7488755622188905 0.02875 0.022488755622188907
1 0.626875 0.48050974512743627 0.07375 0.13943028485757122