2 0.738125 0.8278443113772455 0.05 0.058383233532934134
2 0.34 0.8196107784431138 0.015 0.016467065868263474
2 0.279375 0.6309880239520959 0.01 0.011976047904191617
2 0.153125 0.24251497005988024 0.01 0.011976047904191617
1 0.10625 0.4513473053892216 0.055 0.041916167664670656
1 0.035 0.5950598802395209 0.0575 0.10479041916167664
2 0.03625 0.6220059880239521 0.01625 0.016467065868263474
2 0.284375 0.780688622754491 0.01 0.011976047904191617
2 0.869375 0.19011976047904192 0.01 0.010479041916167664
0 0.843125 0.12649700598802396 0.02 0.025449101796407185
1 0.8425 0.2634730538922156 0.0675 0.08083832335329341
0 0.80875 0.2058383233532934 0.02125 0.020958083832335328
2 0.676875 0.3083832335329341 0.01 0.010479041916167664
2 0.693125 0.36751497005988026 0.01 0.011976047904191617
0 0.905625 0.35254491017964074 0.015 0.019461077844311378
0 0.8875 0.375 0.02 0.019461077844311378
0 0.920625 0.469311377245509 0.015 0.016467065868263474
0 0.939375 0.44835329341317365 0.02 0.023952095808383235
2 0.895 0.46182634730538924 0.0075 0.0074850299401197605
2 0.90375 0.4820359281437126 0.00875 0.011976047904191617
1 0.97375 0.561377245508982 0.05 0.10179640718562874
2 0.561875 0.30538922155688625 0.00375 0.005988023952095809
2 0.74375 0.5434131736526946 0.01125 0.014970059880239521
2 0.773125 0.6541916167664671 0.01 0.01347305389221557