0 0.05875 0.6796407185628742 0.0575 0.05688622754491018
2 0.110625 0.4625748502994012 0.02 0.019461077844311378
2 0.136875 0.37649700598802394 0.01625 0.01347305389221557
2 0.15625 0.34281437125748504 0.01625 0.014970059880239521
2 0.164375 0.3166167664670659 0.01375 0.014970059880239521
2 0.168125 0.26646706586826346 0.0125 0.008982035928143712
2 0.186875 0.21107784431137724 0.015 0.011976047904191617
2 0.2625 0.2994011976047904 0.01875 0.011976047904191617
2 0.269375 0.25673652694610777 0.0125 0.008982035928143712
0 0.236875 0.06511976047904192 0.02125 0.019461077844311378
0 0.09875 0.08083832335329341 0.02375 0.016467065868263474
2 0.49375 0.29565868263473055 0.0325 0.019461077844311378
2 0.47125 0.10553892215568862 0.01875 0.01347305389221557
1 0.40625 0.16092814371257486 0.0425 0.11826347305389222
1 0.321875 0.12275449101796407 0.0375 0.09880239520958084
2 0.3275 0.15568862275449102 0.01 0.0074850299401197605
2 0.411875 0.17589820359281438 0.0075 0.008982035928143712
2 0.416875 0.20733532934131738 0.005 0.0074850299401197605
2 0.890625 0.6983532934131736 0.01625 0.014970059880239521
2 0.871875 0.24925149700598803 0.01375 0.01347305389221557
2 0.5925 0.004491017964071856 0.0075 0.008982035928143712
2 0.463125 0.058383233532934134 0.01375 0.01347305389221557
1 0.259375 0.20508982035928144 0.0825 0.061377245508982034
0 0.17625 0.4258982035928144 0.03 0.03592814371257485
0 0.20375 0.312125748502994 0.02375 0.02694610778443114
2 0.181875 0.5172155688622755 0.01375 0.02694610778443114