3 0.213125 0.5412293853073463 0.015 0.06746626686656672
3 0.28375 0.49025487256371814 0.01125 0.020989505247376312
3 0.278125 0.6506746626686657 0.0125 0.017991004497751123
3 0.27125 0.7818590704647677 0.0125 0.01649175412293853
3 0.208125 0.760119940029985 0.01375 0.043478260869565216
2 0.206875 0.7556221889055472 0.005 0.0074962518740629685
3 0.2925 0.31334332833583206 0.02 0.026986506746626688
3 0.305 0.14617691154422788 0.01625 0.029985007496251874
2 0.274375 0.16116941529235382 0.00625 0.005997001499250375
2 0.209375 0.383808095952024 0.00875 0.010494752623688156
2 0.224375 0.15667166416791603 0.00625 0.008995502248875561
3 0.619375 0.18215892053973012 0.0125 0.020989505247376312
3 0.61625 0.2886056971514243 0.0075 0.017991004497751123
3 0.615625 0.3583208395802099 0.0075 0.017991004497751123
3 0.611875 0.44227886056971516 0.00875 0.020989505247376312
2 0.718125 0.1904047976011994 0.01375 0.019490254872563718
2 0.720625 0.2848575712143928 0.01625 0.019490254872563718
3 0.234375 0.2181409295352324 0.0175 0.041979010494752625
2 0.285 0.05697151424287856 0.00625 0.010494752623688156
2 0.19875 0.6244377811094453 0.0075 0.010494752623688156
3 0.245 0.049475262368815595 0.01125 0.0239880059970015
3 0.6325 0.46851574212893554 0.015 0.0074962518740629685
3 0.7075 0.4767616191904048 0.02 0.01199400299850075
3 0.776875 0.48500749625187406 0.01625 0.010494752623688156
3 0.68875 0.0712143928035982 0.0375 0.044977511244377814
3 0.765625 0.10869565217391304 0.05125 0.06746626686656672