0 0.24 0.06596701649175413 0.02875 0.03298350824587706
2 0.21375 0.14992503748125938 0.01375 0.01649175412293853
2 0.19125 0.2158920539730135 0.01625 0.01649175412293853
2 0.1325 0.6611694152923538 0.04125 0.1469265367316342
0 0.1825 0.5052473763118441 0.0325 0.025487256371814093
0 0.61375 0.19490254872563717 0.0175 0.031484257871064465
2 0.60625 0.2518740629685157 0.01125 0.01199400299850075
2 0.5975 0.3268365817091454 0.01625 0.019490254872563718
2 0.57625 0.5577211394302849 0.0175 0.020989505247376312
2 0.56125 0.7076461769115442 0.01625 0.017991004497751123
2 0.55625 0.09145427286356822 0.0275 0.0239880059970015
2 0.54875 0.15142428785607195 0.02125 0.020989505247376312
2 0.695 0.14392803598200898 0.02 0.017991004497751123
2 0.715 0.08545727136431784 0.02125 0.019490254872563718
1 0.77375 0.40929535232383807 0.0325 0.07196401799100449
0 0.3975 0.15142428785607195 0.02625 0.0239880059970015
0 0.81 0.5337331334332833 0.02625 0.029985007496251874
2 0.81 0.4962518740629685 0.01625 0.017991004497751123
2 0.6275 0.10794602698650675 0.1075 0.07196401799100449
2 0.1375 0.5397301349325337 0.01375 0.020989505247376312
0 0.02 0.8065967016491754 0.03 0.03298350824587706