2 0.36125 0.657185628742515 0.0475 0.061377245508982034
2 0.50625 0.6781437125748503 0.02875 0.03293413173652695
0 0.926875 0.625748502994012 0.05375 0.04940119760479042
2 0.17625 0.8181137724550899 0.185 0.07934131736526946
0 0.039375 0.6010479041916168 0.0625 0.09281437125748503
2 0.38125 0.49176646706586824 0.03125 0.03592814371257485
2 0.401875 0.29565868263473055 0.025 0.02245508982035928
2 0.375 0.17290419161676646 0.01875 0.02245508982035928
2 0.5225 0.16092814371257486 0.02125 0.02245508982035928
2 0.52375 0.0845808383233533 0.0175 0.017964071856287425
1 0.199375 0.28892215568862273 0.055 0.12425149700598802
2 0.195 0.49476047904191617 0.01 0.017964071856287425
2 0.4175 0.8547904191616766 0.0175 0.014970059880239521
2 0.7775 0.8547904191616766 0.01625 0.017964071856287425
2 0.9425 0.49700598802395207 0.0175 0.020958083832335328
0 0.188125 0.5351796407185628 0.02625 0.0374251497005988
2 0.361875 0.11077844311377245 0.0375 0.04341317365269461