2 0.163125 0.8508245877061469 0.18625 0.08995502248875563
2 0.349375 0.6626686656671664 0.05625 0.06146926536731634
2 0.49875 0.6724137931034483 0.02875 0.031484257871064465
0 0.923125 0.5757121439280359 0.0525 0.05547226386806597
2 0.871875 0.41004497751124436 0.02 0.019490254872563718
2 0.840625 0.32083958020989506 0.01875 0.017991004497751123
2 0.786875 0.18365817091454273 0.015 0.013493253373313344
2 0.7675 0.13718140929535233 0.015 0.013493253373313344
2 0.406875 0.29760119940029983 0.03375 0.022488755622188907
2 0.4425 0.11094452773613193 0.03 0.019490254872563718
2 0.38 0.10494752623688156 0.02375 0.022488755622188907
2 0.385625 0.17616191904047976 0.02375 0.025487256371814093
2 0.54 0.15892053973013492 0.025 0.025487256371814093
2 0.544375 0.08395802098950525 0.02375 0.0239880059970015
0 0.866875 0.010494752623688156 0.03125 0.020989505247376312
0 0.715625 0.013493253373313344 0.02125 0.022488755622188907
2 0.520625 0.034482758620689655 0.02125 0.014992503748125937
0 0.266875 0.0727136431784108 0.02375 0.0239880059970015
3 0.28125 0.14392803598200898 0.015 0.026986506746626688
3 0.290625 0.18815592203898052 0.01625 0.026986506746626688
2 0.3625 0.19415292353823088 0.0075 0.01199400299850075
3 0.29625 0.22038980509745126 0.01375 0.020989505247376312
0 0.029375 0.6371814092953523 0.05875 0.07796101949025487
1 0.20625 0.32158920539730135 0.0575 0.10944527736131934
2 0.40375 0.050974512743628186 0.02375 0.017991004497751123
0 0.455625 0.03298350824587706 0.02375 0.019490254872563718
2 0.965625 0.1424287856071964 0.0175 0.01649175412293853
2 0.99375 0.1934032983508246 0.01 0.020989505247376312
2 0.903125 0.06746626686656672 0.0125 0.008995502248875561
2 0.91125 0.08170914542728636 0.015 0.010494752623688156
2 0.64875 0.06671664167916042 0.0075 0.010494752623688156
2 0.251875 0.1874062968515742 0.01 0.017991004497751123
2 0.395625 0.8598200899550225 0.01625 0.014992503748125937
2 0.76375 0.8260869565217391 0.01375 0.008995502248875561
2 0.806875 0.07196401799100449 0.085 0.08545727136431784