3 0.7 0.4332833583208396 0.02375 0.008995502248875561
3 0.625 0.44227886056971516 0.01125 0.008995502248875561
3 0.7725 0.4272863568215892 0.02375 0.013493253373313344
3 0.60625 0.42128935532233885 0.00875 0.017991004497751123
3 0.603125 0.3328335832083958 0.0125 0.020989505247376312
3 0.603125 0.2653673163418291 0.015 0.022488755622188907
3 0.600625 0.16041979010494753 0.01625 0.022488755622188907
3 0.4925 0.11544227886056972 0.0225 0.017991004497751123
3 0.40375 0.12593703148425786 0.015 0.01199400299850075
2 0.208125 0.2143928035982009 0.005 0.005997001499250375
2 0.256875 0.2136431784107946 0.01 0.010494752623688156
2 0.259375 0.10644677661169415 0.01375 0.013493253373313344
3 0.286875 0.1911544227886057 0.015 0.02848575712143928
2 0.204375 0.684407796101949 0.0075 0.008995502248875561
3 0.219375 0.6049475262368815 0.01625 0.07646176911544228
3 0.285625 0.5352323838080959 0.01625 0.0239880059970015
3 0.288125 0.8260869565217391 0.01625 0.022488755622188907
3 0.2875 0.6956521739130435 0.02125 0.034482758620689655
3 0.285625 0.3598200899550225 0.02 0.029985007496251874
2 0.20375 0.4460269865067466 0.01125 0.010494752623688156
3 0.2175 0.3950524737631184 0.01125 0.03298350824587706
3 0.21875 0.27211394302848574 0.015 0.046476761619190406
3 0.224375 0.10644677661169415 0.0175 0.038980509745127435
2 0.7025 0.24062968515742128 0.0175 0.0239880059970015
2 0.701875 0.14917541229385306 0.01875 0.020989505247376312
3 0.743125 0.05547226386806597 0.0525 0.06446776611694154
3 0.6625 0.03823088455772114 0.03125 0.043478260869565216