2 0.1625 0.3083832335329341 0.02625 0.02844311377245509
2 0.494375 0.5711077844311377 0.02 0.017964071856287425
3 0.48375 0.5853293413173652 0.03625 0.07934131736526946
3 0.530625 0.6175149700598802 0.1175 0.029940119760479042
1 0.680625 0.22005988023952097 0.14125 0.23053892215568864
0 0.665 0.2986526946107784 0.03375 0.02844311377245509
0 0.709375 0.22604790419161677 0.04 0.02844311377245509
0 0.666875 0.13323353293413173 0.03625 0.0344311377245509
0 0.634375 0.2155688622754491 0.02875 0.023952095808383235
2 0.661875 0.17889221556886228 0.01625 0.020958083832335328
2 0.66875 0.24476047904191617 0.01 0.016467065868263474
2 0.68875 0.2058383233532934 0.01 0.016467065868263474
2 0.694375 0.26721556886227543 0.015 0.023952095808383235
2 0.814375 0.2687125748502994 0.01 0.011976047904191617
1 0.276875 0.07934131736526946 0.02875 0.07634730538922156
1 0.48875 0.0718562874251497 0.05375 0.13023952095808383
2 0.488125 0.10179640718562874 0.00875 0.008982035928143712
2 0.2775 0.06961077844311377 0.01125 0.008982035928143712
3 0.4875 0.020209580838323353 0.0275 0.016467065868263474
2 0.484375 0.12574850299401197 0.00875 0.010479041916167664
2 0.614375 0.3615269461077844 0.01 0.010479041916167664
2 0.534375 0.13248502994011976 0.00375 0.005988023952095809
3 0.51375 0.11377245508982035 0.01625 0.03143712574850299
3 0.746875 0.8338323353293413 0.0175 0.04940119760479042
2 0.72 0.7694610778443114 0.005 0.0074850299401197605
2 0.74625 0.7664670658682635 0.00875 0.008982035928143712
3 0.243125 0.5067365269461078 0.02875 0.09880239520958084
2 0.2325 0.6586826347305389 0.01375 0.010479041916167664