2 0.173125 0.31137724550898205 0.0175 0.019461077844311378
3 0.239375 0.5172155688622755 0.0325 0.1317365269461078
3 0.47625 0.5830838323353293 0.04375 0.08083832335329341
2 0.485625 0.5726047904191617 0.0225 0.023952095808383235
2 0.839375 0.25823353293413176 0.01 0.011976047904191617
1 0.701875 0.2125748502994012 0.1375 0.22305389221556887
0 0.704375 0.13023952095808383 0.03125 0.025449101796407185
0 0.6625 0.20958083832335328 0.03 0.025449101796407185
0 0.6875 0.2911676646706587 0.0325 0.025449101796407185
0 0.738125 0.21706586826347304 0.035 0.029940119760479042
2 0.695 0.23877245508982037 0.0125 0.014970059880239521
2 0.7175 0.1968562874251497 0.00875 0.01347305389221557
2 0.718125 0.25673652694610777 0.015 0.019461077844311378
2 0.690625 0.17140718562874252 0.01 0.020958083832335328
1 0.318125 0.08907185628742514 0.0325 0.06287425149700598
2 0.31625 0.07260479041916168 0.00875 0.008982035928143712
1 0.52875 0.0718562874251497 0.04625 0.12425149700598802
3 0.5325 0.020209580838323353 0.025 0.020958083832335328
2 0.525625 0.09880239520958084 0.00625 0.005988023952095809
3 0.520625 0.6145209580838323 0.11 0.0344311377245509
2 0.6975 0.7642215568862275 0.00375 0.005988023952095809
2 0.7225 0.7619760479041916 0.005 0.010479041916167664