2 0.65625 0.8508245877061469 0.05375 0.05997001499250375
2 0.268125 0.8035982008995503 0.01625 0.01649175412293853
2 0.2525 0.6086956521739131 0.01125 0.01199400299850075
2 0.22125 0.21064467766116943 0.01125 0.01199400299850075
1 0.125 0.41304347826086957 0.05875 0.043478260869565216
1 0.026875 0.5502248875562219 0.05375 0.11094452773613193
2 0.015 0.5757121439280359 0.0175 0.01649175412293853
2 0.22375 0.7586206896551724 0.01125 0.01199400299850075
0 0.28125 0.5022488755622189 0.0275 0.019490254872563718
0 0.294375 0.4272863568215892 0.02625 0.020989505247376312
0 0.28625 0.3785607196401799 0.0225 0.0239880059970015
1 0.38375 0.15292353823088456 0.05375 0.08545727136431784
2 0.38125 0.12743628185907047 0.0075 0.005997001499250375
2 0.934375 0.22863568215892055 0.01125 0.010494752623688156
0 0.92375 0.1634182908545727 0.02125 0.025487256371814093
1 0.89125 0.29910044977511246 0.0725 0.08245877061469266
0 0.87125 0.2383808095952024 0.0225 0.020989505247376312
2 0.71875 0.3268365817091454 0.01125 0.010494752623688156
2 0.72 0.3875562218890555 0.01125 0.01199400299850075
0 0.93125 0.3950524737631184 0.01625 0.019490254872563718
0 0.91 0.41454272863568215 0.02125 0.019490254872563718
0 0.919375 0.5104947526236882 0.01625 0.01649175412293853
0 0.944375 0.49250374812593706 0.02125 0.0239880059970015
2 0.89625 0.5014992503748126 0.00875 0.0074962518740629685
2 0.900625 0.5232383808095952 0.01 0.01199400299850075
1 0.953125 0.6079460269865068 0.06 0.10194902548725637
2 0.605625 0.31259370314842577 0.00375 0.005997001499250375
2 0.728125 0.568215892053973 0.0125 0.014992503748125937
2 0.730625 0.6814092953523239 0.01125 0.013493253373313344