0 0.426875 0.3853073463268366 0.025 0.031484257871064465
2 0.16625 0.808095952023988 0.01 0.013493253373313344
2 0.1275 0.7961019490254873 0.0075 0.013493253373313344
3 0.773125 0.6934032983508246 0.01625 0.07496251874062969
3 0.82 0.7113943028485757 0.01875 0.07796101949025487
3 0.488125 0.3403298350824588 0.0125 0.043478260869565216
3 0.674375 0.3110944527736132 0.02125 0.04047976011994003
3 0.195 0.5029985007496252 0.04 0.10044977511244378
2 0.20125 0.4985007496251874 0.03 0.025487256371814093
3 0.195 0.7886056971514243 0.0125 0.01649175412293853
3 0.125625 0.8710644677661169 0.02375 0.053973013493253376
3 0.779375 0.7458770614692654 0.1125 0.025487256371814093
2 0.68 0.8043478260869565 0.02875 0.026986506746626688
2 0.6925 0.9632683658170914 0.0275 0.031484257871064465
2 0.4975 0.36881559220389803 0.0125 0.008995502248875561
3 0.38 0.7526236881559221 0.03125 0.013493253373313344
3 0.28625 0.7488755622188905 0.0275 0.020989505247376312
1 0.623125 0.4790104947526237 0.07 0.13493253373313344