2 0.70875 0.8275862068965517 0.04875 0.05847076461769116
2 0.311875 0.8215892053973014 0.01375 0.014992503748125937
2 0.2675 0.6334332833583208 0.01 0.01199400299850075
2 0.176875 0.24437781109445278 0.01 0.01199400299850075
1 0.110625 0.4542728635682159 0.055 0.041979010494752625
1 0.0275 0.5982008995502249 0.055 0.10794602698650675
2 0.025625 0.6251874062968515 0.015 0.014992503748125937
2 0.260625 0.7833583208395802 0.01 0.01199400299850075
0 0.280625 0.5247376311844077 0.025 0.019490254872563718
0 0.283125 0.4497751124437781 0.02375 0.020989505247376312
0 0.268125 0.4025487256371814 0.02125 0.0239880059970015
1 0.3325 0.17091454272863568 0.04875 0.08395802098950525
2 0.325625 0.1454272863568216 0.00625 0.005997001499250375
2 0.89625 0.1874062968515742 0.01 0.010494752623688156
0 0.875625 0.12518740629685157 0.02 0.0239880059970015
1 0.86375 0.2623688155922039 0.06625 0.08245877061469266
0 0.835625 0.20389805097451275 0.02 0.020989505247376312
2 0.694375 0.308095952023988 0.01 0.010494752623688156
2 0.705 0.36656671664167917 0.01 0.01199400299850075
0 0.9175 0.35157421289355323 0.01375 0.017991004497751123
0 0.898125 0.3733133433283358 0.01875 0.017991004497751123
0 0.923125 0.4662668665667166 0.01375 0.014992503748125937
0 0.94375 0.4460269865067466 0.02 0.022488755622188907
2 0.898125 0.46026986506746626 0.0075 0.0074962518740629685
2 0.905 0.48050974512743627 0.00875 0.01199400299850075
1 0.970625 0.5592203898050975 0.05375 0.10194902548725637
2 0.579375 0.3058470764617691 0.00375 0.005997001499250375
2 0.740625 0.5434782608695652 0.01 0.014992503748125937
2 0.75875 0.6529235382308846 0.01 0.013493253373313344