0 0.024375 0.6454272863568216 0.04875 0.05247376311844078
2 0.521875 0.48575712143928035 0.04 0.046476761619190406
3 0.4375 0.6761619190404797 0.03375 0.15892053973013492
3 0.56375 0.6679160419790104 0.0575 0.1409295352323838
2 0.83625 0.7271364317841079 0.0175 0.020989505247376312
2 0.411875 0.14992503748125938 0.0075 0.008995502248875561
2 0.48875 0.18065967016491755 0.01 0.010494752623688156
2 0.48625 0.20914542728635682 0.01 0.0074962518740629685
1 0.4875 0.15142428785607195 0.04625 0.15892053973013492
1 0.416875 0.11244377811094453 0.0375 0.10494752623688156
1 0.33625 0.191904047976012 0.0725 0.05697151424287856
2 0.34375 0.191904047976012 0.01625 0.013493253373313344
2 0.33125 0.25037481259370314 0.0125 0.008995502248875561
2 0.313125 0.2901049475262369 0.0125 0.010494752623688156
2 0.21625 0.30359820089955025 0.01375 0.013493253373313344
2 0.201875 0.3268365817091454 0.01625 0.01199400299850075
0 0.198125 0.4062968515742129 0.02625 0.031484257871064465
0 0.25625 0.2983508245877061 0.02625 0.03298350824587706
2 0.183125 0.4910044977511244 0.0175 0.025487256371814093
2 0.545 0.30434782608695654 0.0325 0.02848575712143928
2 0.563125 0.11244377811094453 0.01875 0.01199400299850075
2 0.566875 0.06146926536731634 0.0125 0.0074962518740629685
1 0.760625 0.24437781109445278 0.05 0.07496251874062969
2 0.765 0.23388305847076463 0.01375 0.010494752623688156
2 0.328125 0.8605697151424287 0.01625 0.008995502248875561