0 0.17375 0.47005988023952094 0.04375 0.029940119760479042
0 0.1975 0.4940119760479042 0.0425 0.029940119760479042
0 0.1775 0.3278443113772455 0.02875 0.019461077844311378
2 0.115 0.12125748502994012 0.015 0.011976047904191617
0 0.12 0.0374251497005988 0.03125 0.025449101796407185
2 0.44375 0.09880239520958084 0.02 0.020958083832335328
2 0.45125 0.15568862275449102 0.02125 0.019461077844311378
0 0.53125 0.20209580838323354 0.0175 0.029940119760479042
2 0.60375 0.1122754491017964 0.02 0.019461077844311378
2 0.5975 0.16467065868263472 0.01875 0.017964071856287425
2 0.52125 0.12275449101796407 0.1025 0.07035928143712575
2 0.5375 0.2634730538922156 0.01 0.008982035928143712
2 0.62 0.7125748502994012 0.0175 0.019461077844311378
2 0.595 0.5673652694610778 0.01875 0.019461077844311378
2 0.71125 0.2874251497005988 0.00875 0.016467065868263474
1 0.7525 0.44461077844311375 0.03625 0.07784431137724551
1 0.20375 0.6347305389221557 0.03125 0.04790419161676647
2 0.1725 0.624251497005988 0.035 0.14520958083832336
2 0.15625 0.18712574850299402 0.0425 0.12125748502994012
0 0.30375 0.1407185628742515 0.0175 0.02245508982035928
2 0.1875 0.08383233532934131 0.075 0.041916167664670656
3 0.6875 0.19610778443113772 0.0175 0.019461077844311378
3 0.69375 0.1661676646706587 0.0175 0.025449101796407185
3 0.7 0.1377245508982036 0.02 0.029940119760479042
2 0.20125 0.6347305389221557 0.0075 0.008982035928143712
0 0.825 0.5688622754491018 0.01875 0.03143712574850299
2 0.815 0.531437125748503 0.00875 0.017964071856287425
2 0.55125 0.3398203592814371 0.015 0.011976047904191617
2 0.1475 0.5029940119760479 0.0125 0.017964071856287425
0 0.71875 0.19461077844311378 0.01375 0.016467065868263474