2 0.474375 0.27811094452773616 0.01 0.01199400299850075
2 0.586875 0.2848575712143928 0.01125 0.014992503748125937
2 0.583125 0.3568215892053973 0.0125 0.013493253373313344
2 0.5725 0.5727136431784108 0.02 0.019490254872563718
2 0.563125 0.7128935532233883 0.015 0.019490254872563718
1 0.404375 0.21889055472263869 0.03125 0.07646176911544228
0 0.780625 0.17166416791604197 0.02 0.026986506746626688
2 0.8375 0.1424287856071964 0.01375 0.014992503748125937
2 0.84375 0.20164917541229385 0.01375 0.014992503748125937
1 0.795 0.22863568215892055 0.07375 0.05997001499250375
2 0.7825 0.22713643178410794 0.00875 0.013493253373313344
0 0.82125 0.4910044977511244 0.02125 0.0239880059970015
0 0.815 0.37031484257871067 0.01875 0.022488755622188907
2 0.795 0.4767616191904048 0.015 0.013493253373313344
2 0.794375 0.5022488755622189 0.01 0.014992503748125937
2 0.24 0.9812593703148426 0.08 0.034482758620689655
0 0.831875 0.06746626686656672 0.02875 0.03298350824587706
1 0.34375 0.7646176911544228 0.0725 0.08545727136431784
2 0.4 0.24437781109445278 0.01 0.0074962518740629685
2 0.463125 0.21139430284857572 0.00875 0.0074962518740629685
1 0.6725 0.1454272863568216 0.0475 0.10344827586206896
1 0.7325 0.14767616191904048 0.0525 0.0944527736131934
0 0.88375 0.7331334332833583 0.03375 0.034482758620689655