2 0.64375 0.8553223388305847 0.05625 0.05847076461769116
2 0.256875 0.7976011994002998 0.0175 0.01649175412293853
2 0.24875 0.6026986506746627 0.01125 0.01199400299850075
2 0.23125 0.20164917541229385 0.01125 0.01199400299850075
1 0.12875 0.4025487256371814 0.06 0.041979010494752625
1 0.026875 0.5382308845577212 0.05375 0.10794602698650675
2 0.0125 0.5637181409295352 0.01875 0.01649175412293853
2 0.21375 0.7526236881559221 0.01125 0.01199400299850075
0 0.28125 0.4962518740629685 0.02875 0.019490254872563718
0 0.296875 0.42128935532233885 0.0275 0.020989505247376312
0 0.29125 0.37256371814092953 0.0225 0.0239880059970015
1 0.3975 0.14842578710644677 0.05625 0.08395802098950525
2 0.395 0.12293853073463268 0.0075 0.005997001499250375
2 0.944375 0.2391304347826087 0.01125 0.010494752623688156
0 0.93625 0.17391304347826086 0.02125 0.025487256371814093
1 0.89875 0.3095952023988006 0.075 0.08095952023988005
0 0.88125 0.24737631184407796 0.0225 0.020989505247376312
2 0.725 0.3328335832083958 0.01125 0.010494752623688156
2 0.725 0.39355322338830584 0.01125 0.01199400299850075
0 0.935 0.40554722638680657 0.0175 0.019490254872563718
0 0.9125 0.4250374812593703 0.02125 0.019490254872563718
0 0.918125 0.5224887556221889 0.0175 0.01649175412293853
0 0.943125 0.5044977511244377 0.02125 0.0239880059970015
2 0.89625 0.5119940029985007 0.00875 0.0074962518740629685
2 0.899375 0.5337331334332833 0.01 0.01199400299850075
1 0.949375 0.6199400299850075 0.06125 0.09895052473763119
2 0.613125 0.315592203898051 0.00375 0.005997001499250375
2 0.725625 0.5742128935532234 0.0125 0.014992503748125937
2 0.724375 0.6874062968515742 0.01125 0.013493253373313344