2 0.17875 0.29790419161676646 0.0175 0.019461077844311378
3 0.23875 0.5059880239520959 0.02875 0.13023952095808383
3 0.47375 0.5823353293413174 0.04125 0.07934131736526946
2 0.48375 0.5718562874251497 0.02125 0.02245508982035928
2 0.8475 0.27245508982035926 0.01 0.011976047904191617
1 0.71 0.2215568862275449 0.13125 0.21706586826347304
0 0.71625 0.13922155688622753 0.03 0.023952095808383235
0 0.67125 0.21706586826347304 0.02875 0.023952095808383235
0 0.69375 0.3008982035928144 0.03125 0.023952095808383235
0 0.74625 0.2275449101796407 0.0325 0.02694610778443114
2 0.7025 0.2470059880239521 0.0125 0.014970059880239521
2 0.7275 0.20658682634730538 0.00875 0.01347305389221557
2 0.725 0.26646706586826346 0.015 0.019461077844311378
2 0.7 0.18113772455089822 0.01 0.020958083832335328
2 0.74625 0.008982035928143712 0.01 0.0029940119760479044
1 0.33 0.08233532934131736 0.03125 0.061377245508982034
2 0.32875 0.0658682634730539 0.00875 0.008982035928143712
1 0.54125 0.07335329341317365 0.0425 0.12275449101796407
3 0.54625 0.02245508982035928 0.025 0.019461077844311378
2 0.5375 0.10029940119760479 0.00625 0.005988023952095809
3 0.5175 0.6152694610778443 0.10875 0.029940119760479042
2 0.69 0.7724550898203593 0.00375 0.005988023952095809
2 0.715 0.7709580838323353 0.005 0.010479041916167664