0 0.04625 0.6379310344827587 0.055 0.05847076461769116
2 0.111875 0.42653673163418293 0.01875 0.019490254872563718
2 0.144375 0.3448275862068966 0.015 0.01199400299850075
2 0.16625 0.3110944527736132 0.015 0.013493253373313344
2 0.175625 0.2871064467766117 0.0125 0.013493253373313344
2 0.18375 0.2376311844077961 0.01125 0.008995502248875561
2 0.205625 0.18440779610194902 0.01375 0.010494752623688156
2 0.275625 0.27886056971514245 0.01875 0.010494752623688156
2 0.285 0.2383808095952024 0.01125 0.008995502248875561
0 0.26625 0.043478260869565216 0.02 0.019490254872563718
0 0.12625 0.046476761619190406 0.0225 0.01649175412293853
2 0.506875 0.2983508245877061 0.03 0.019490254872563718
2 0.496875 0.10644677661169415 0.01875 0.01199400299850075
1 0.42875 0.15592203898050974 0.0375 0.12293853073463268
1 0.346875 0.10944527736131934 0.03375 0.10194902548725637
2 0.35 0.1424287856071964 0.00875 0.0074962518740629685
2 0.4325 0.1701649175412294 0.0075 0.008995502248875561
2 0.435625 0.20164917541229385 0.005 0.0074962518740629685
2 0.876875 0.7346326836581709 0.015 0.013493253373313344
2 0.889375 0.2871064467766117 0.0125 0.01199400299850075
2 0.624375 0.01649175412293853 0.00625 0.008995502248875561
2 0.4925 0.05847076461769116 0.0125 0.01199400299850075
1 0.278125 0.18590704647676162 0.0775 0.06146926536731634
0 0.18 0.39655172413793105 0.0275 0.035982008995502246
0 0.215625 0.2863568215892054 0.0225 0.026986506746626688
2 0.18 0.48800599700149927 0.01125 0.02848575712143928