3 0.704375 0.4452773613193403 0.02625 0.0074962518740629685
3 0.629375 0.4497751124437781 0.0125 0.0074962518740629685
3 0.776875 0.44377811094452774 0.025 0.01199400299850075
3 0.61375 0.4280359820089955 0.00875 0.017991004497751123
3 0.62125 0.3395802098950525 0.0125 0.019490254872563718
3 0.629375 0.27211394302848574 0.015 0.020989505247376312
3 0.63875 0.1656671664167916 0.01625 0.020989505247376312
3 0.538125 0.11394302848575712 0.02375 0.01649175412293853
3 0.449375 0.1184407796101949 0.01625 0.010494752623688156
2 0.24625 0.19490254872563717 0.005 0.005997001499250375
2 0.294375 0.19640179910044978 0.01125 0.008995502248875561
2 0.30875 0.08995502248875563 0.01375 0.01199400299850075
3 0.32625 0.17691154422788605 0.015 0.026986506746626688
2 0.186875 0.6671664167916042 0.00875 0.008995502248875561
3 0.21125 0.5877061469265368 0.015 0.07496251874062969
3 0.28375 0.5217391304347826 0.01625 0.022488755622188907
3 0.253125 0.8140929535232384 0.01625 0.020989505247376312
3 0.2675 0.6836581709145427 0.02125 0.03298350824587706
3 0.305 0.3448275862068966 0.02 0.02848575712143928
2 0.215 0.4257871064467766 0.0125 0.008995502248875561
3 0.233125 0.3778110944527736 0.01125 0.031484257871064465
3 0.24875 0.25487256371814093 0.01375 0.043478260869565216
3 0.275 0.08770614692653673 0.01625 0.037481259370314844
2 0.730625 0.25337331334332835 0.0175 0.022488755622188907
2 0.74 0.1619190404797601 0.01875 0.019490254872563718
3 0.7925 0.06971514242878561 0.05375 0.06146926536731634
3 0.715 0.0472263868065967 0.03125 0.04047976011994003