0 0.431875 0.3823088455772114 0.0225 0.029985007496251874
2 0.150625 0.7901049475262368 0.01 0.013493253373313344
2 0.110625 0.7773613193403298 0.0075 0.013493253373313344
3 0.764375 0.7053973013493253 0.01375 0.07796101949025487
3 0.809375 0.7271364317841079 0.01625 0.08095952023988005
3 0.49625 0.3403298350824588 0.01 0.043478260869565216
3 0.685 0.32158920539730135 0.01875 0.038980509745127435
3 0.195 0.48800599700149927 0.0375 0.10044977511244378
2 0.20125 0.4827586206896552 0.0275 0.025487256371814093
3 0.179375 0.7728635682158921 0.01125 0.017991004497751123
3 0.106875 0.8523238380809596 0.0225 0.053973013493253376
3 0.7675 0.7578710644677661 0.10875 0.0239880059970015
2 0.664375 0.8125937031484258 0.02625 0.026986506746626688
2 0.669375 0.9715142428785607 0.025 0.029985007496251874
2 0.504375 0.36881559220389803 0.01125 0.008995502248875561
3 0.3675 0.7451274362818591 0.03 0.01199400299850075
3 0.27375 0.7383808095952024 0.02625 0.020989505247376312
1 0.625 0.48500749625187406 0.065 0.13793103448275862