3 0.696875 0.4707646176911544 0.0275 0.0074962518740629685
3 0.620625 0.46476761619190404 0.0125 0.0074962518740629685
3 0.770625 0.4782608695652174 0.02625 0.01199400299850075
3 0.600625 0.44152923538230887 0.00875 0.01649175412293853
3 0.59 0.3530734632683658 0.0125 0.017991004497751123
3 0.583125 0.2856071964017991 0.01625 0.019490254872563718
3 0.57125 0.17916041979010494 0.0175 0.019490254872563718
3 0.455625 0.11394302848575712 0.025 0.014992503748125937
3 0.366875 0.10944527736131934 0.0175 0.010494752623688156
2 0.1775 0.16041979010494753 0.00625 0.005997001499250375
2 0.2275 0.16941529235382308 0.01125 0.008995502248875561
2 0.21875 0.06296851574212893 0.01375 0.01199400299850075
3 0.25375 0.15292353823088456 0.01625 0.025487256371814093
2 0.216875 0.631184407796102 0.00875 0.008995502248875561
3 0.224375 0.553223388305847 0.01625 0.07196401799100449
3 0.285 0.4947526236881559 0.0175 0.020989505247376312
3 0.315625 0.7871064467766117 0.0175 0.019490254872563718
3 0.3025 0.656671664167916 0.0225 0.03298350824587706
3 0.26875 0.3193403298350825 0.02125 0.026986506746626688
2 0.19375 0.391304347826087 0.0125 0.008995502248875561
3 0.201875 0.34332833583208394 0.01125 0.031484257871064465
3 0.1925 0.22038980509745126 0.01375 0.043478260869565216
3 0.1825 0.05772113943028486 0.0175 0.037481259370314844
2 0.680625 0.27886056971514245 0.01875 0.020989505247376312
2 0.671875 0.1874062968515742 0.02 0.017991004497751123
3 0.70625 0.10119940029985007 0.05625 0.05997001499250375
3 0.62125 0.068215892053973 0.0325 0.04047976011994003