2 0.72375 0.8545727136431784 0.0475 0.05847076461769116
2 0.325 0.7991004497751124 0.01375 0.01649175412293853
2 0.2725 0.6056971514242878 0.01 0.01199400299850075
2 0.165 0.20389805097451275 0.01 0.01199400299850075
1 0.1075 0.4062968515742129 0.05375 0.04047976011994003
1 0.03 0.5412293853073463 0.05125 0.10794602698650675
2 0.03 0.568215892053973 0.015 0.01649175412293853
2 0.2725 0.7556221889055472 0.01 0.01199400299850075
2 0.88375 0.2353823088455772 0.01 0.010494752623688156
0 0.86 0.16941529235382308 0.01875 0.025487256371814093
1 0.85375 0.3058470764617691 0.06375 0.08245877061469266
0 0.8225 0.24437781109445278 0.02 0.020989505247376312
2 0.68625 0.3313343328335832 0.01 0.010494752623688156
2 0.69875 0.391304347826087 0.01 0.01199400299850075
0 0.91125 0.4017991004497751 0.01375 0.019490254872563718
0 0.89375 0.42128935532233885 0.01875 0.019490254872563718
0 0.9225 0.5187406296851574 0.01375 0.01649175412293853
0 0.9425 0.5007496251874063 0.01875 0.0239880059970015
2 0.8975 0.5082458770614693 0.0075 0.0074962518740629685
2 0.905 0.5292353823088456 0.00875 0.01199400299850075
1 0.97375 0.616191904047976 0.05 0.10194902548725637
2 0.57 0.3148425787106447 0.00375 0.005997001499250375
2 0.7425 0.5727136431784108 0.01 0.01649175412293853
2 0.76625 0.6851574212893553 0.01 0.013493253373313344