2 0.439375 0.2773613193403298 0.00875 0.010494752623688156
2 0.55375 0.2863568215892054 0.01125 0.014992503748125937
2 0.561875 0.3575712143928036 0.0125 0.013493253373313344
2 0.584375 0.5734632683658171 0.01875 0.019490254872563718
2 0.5975 0.7143928035982009 0.015 0.019490254872563718
1 0.359375 0.2166416791604198 0.03 0.07196401799100449
0 0.733125 0.17691154422788605 0.01875 0.026986506746626688
2 0.785 0.14842578710644677 0.01375 0.014992503748125937
2 0.80125 0.20689655172413793 0.01375 0.014992503748125937
1 0.75625 0.2331334332833583 0.0675 0.05847076461769116
2 0.74375 0.23088455772113944 0.00875 0.01199400299850075
0 0.824375 0.4962518740629685 0.02 0.0239880059970015
0 0.79875 0.37556221889055474 0.0175 0.022488755622188907
2 0.794375 0.48200899550224885 0.015 0.013493253373313344
2 0.79875 0.507496251874063 0.01 0.013493253373313344
2 0.313125 0.9790104947526237 0.0725 0.038980509745127435
0 0.766875 0.0734632683658171 0.02625 0.031484257871064465
1 0.3825 0.7608695652173914 0.06875 0.08245877061469266
2 0.358125 0.24287856071964017 0.00875 0.0074962518740629685
2 0.416875 0.21064467766116943 0.0075 0.0074962518740629685
1 0.61875 0.14842578710644677 0.0475 0.09745127436281859
1 0.68 0.15067466266866567 0.05125 0.08845577211394302
0 0.925 0.739880059970015 0.03125 0.034482758620689655