2 0.360625 0.6482035928143712 0.05125 0.061377245508982034
2 0.505625 0.6781437125748503 0.03125 0.03293413173652695
0 0.9275 0.6489520958083832 0.0575 0.04940119760479042
2 0.17375 0.7994011976047904 0.19625 0.08532934131736528
0 0.0375 0.5741017964071856 0.06875 0.09131736526946108
2 0.380625 0.48502994011976047 0.03375 0.03592814371257485
2 0.4025 0.2904191616766467 0.0275 0.023952095808383235
2 0.375625 0.16691616766467066 0.02125 0.023952095808383235
2 0.52375 0.16392215568862276 0.02375 0.023952095808383235
2 0.525625 0.0875748502994012 0.02 0.019461077844311378
1 0.199375 0.2717065868263473 0.0625 0.12275449101796407
2 0.194375 0.47604790419161674 0.0125 0.017964071856287425
2 0.416875 0.8488023952095808 0.02 0.016467065868263474
2 0.776875 0.8697604790419161 0.01875 0.019461077844311378
2 0.943125 0.5217065868263473 0.02 0.02245508982035928
0 0.1875 0.5179640718562875 0.02875 0.0374251497005988
2 0.361875 0.10329341317365269 0.04125 0.04341317365269461