2 0.19 0.3230884557721139 0.01875 0.019490254872563718
3 0.2375 0.5269865067466267 0.03125 0.13043478260869565
3 0.46875 0.5839580209895052 0.04375 0.08095952023988005
2 0.48 0.5727136431784108 0.0225 0.022488755622188907
2 0.86125 0.24737631184407796 0.01 0.01199400299850075
1 0.726875 0.20539730134932535 0.13875 0.22038980509745126
0 0.736875 0.12293853073463268 0.03125 0.0239880059970015
0 0.688125 0.20464767616191903 0.03 0.0239880059970015
0 0.705625 0.2871064467766117 0.0325 0.0239880059970015
0 0.763125 0.21064467766116943 0.03375 0.026986506746626688
2 0.71875 0.23088455772113944 0.01375 0.014992503748125937
2 0.744375 0.1904047976011994 0.00875 0.013493253373313344
2 0.74 0.25037481259370314 0.01625 0.019490254872563718
2 0.72 0.16491754122938532 0.01 0.020989505247376312
1 0.35375 0.0952023988005997 0.03375 0.06146926536731634
2 0.35375 0.07871064467766117 0.00875 0.008995502248875561
1 0.56625 0.06971514242878561 0.045 0.12443778110944528
3 0.574375 0.018740629685157422 0.02625 0.019490254872563718
2 0.561875 0.0967016491754123 0.00625 0.005997001499250375
3 0.510625 0.616191904047976 0.1125 0.031484257871064465
2 0.67375 0.7608695652173914 0.00375 0.005997001499250375
2 0.69875 0.7556221889055472 0.005 0.010494752623688156