3 0.213125 0.5892053973013494 0.01375 0.07196401799100449
3 0.28375 0.527736131934033 0.01125 0.022488755622188907
3 0.27875 0.6881559220389805 0.0125 0.019490254872563718
3 0.274375 0.8200899550224887 0.0125 0.017991004497751123
3 0.210625 0.808095952023988 0.0125 0.044977511244377814
2 0.20875 0.8035982008995503 0.005 0.0074962518740629685
3 0.29125 0.3493253373313343 0.01875 0.026986506746626688
3 0.3025 0.17991004497751126 0.015 0.031484257871064465
2 0.273125 0.19940029985007496 0.00625 0.005997001499250375
2 0.20875 0.4332833583208396 0.00875 0.01199400299850075
2 0.223125 0.20389805097451275 0.00625 0.008995502248875561
3 0.6175 0.16266866566716642 0.0125 0.022488755622188907
3 0.614375 0.2691154422788606 0.0075 0.019490254872563718
3 0.61375 0.3395802098950525 0.0075 0.019490254872563718
3 0.61125 0.4235382308845577 0.00875 0.022488755622188907
2 0.71625 0.15442278860569716 0.01375 0.020989505247376312
2 0.718125 0.24887556221889057 0.01625 0.020989505247376312
3 0.2325 0.2653673163418291 0.01625 0.043478260869565216
2 0.28125 0.0944527736131934 0.00625 0.01199400299850075
2 0.199375 0.6746626686656672 0.0075 0.01199400299850075
3 0.2425 0.09220389805097451 0.01 0.025487256371814093
3 0.633125 0.44677661169415295 0.015 0.0074962518740629685
3 0.706875 0.4407796101949025 0.02 0.01199400299850075
3 0.776875 0.43778110944527737 0.01625 0.01199400299850075
3 0.68625 0.04122938530734633 0.03625 0.044977511244377814
3 0.7625 0.06371814092953523 0.05125 0.07196401799100449