2 0.3625 0.6467065868263473 0.04875 0.06287425149700598
2 0.5075 0.6781437125748503 0.03 0.03293413173652695
0 0.928125 0.6541916167664671 0.05625 0.05089820359281437
2 0.178125 0.7956586826347305 0.19125 0.08233532934131736
0 0.04 0.5696107784431138 0.065 0.09431137724550898
2 0.38125 0.4842814371257485 0.0325 0.03592814371257485
2 0.400625 0.28967065868263475 0.02625 0.023952095808383235
2 0.3725 0.16541916167664672 0.02 0.023952095808383235
2 0.52 0.16392215568862276 0.0225 0.023952095808383235
2 0.52125 0.0875748502994012 0.01875 0.019461077844311378
1 0.198125 0.2694610778443114 0.0575 0.12724550898203593
2 0.195 0.4723053892215569 0.01 0.019461077844311378
2 0.42 0.8480538922155688 0.01875 0.016467065868263474
2 0.78125 0.874251497005988 0.01625 0.019461077844311378
2 0.9425 0.5269461077844312 0.01875 0.02245508982035928
0 0.188125 0.5142215568862275 0.0275 0.0374251497005988
2 0.358125 0.10029940119760479 0.03875 0.04341317365269461