0 0.43375 0.30538922155688625 0.02375 0.0374251497005988
0 0.35125 0.3166167664670659 0.025 0.0344311377245509
0 0.426875 0.37949101796407186 0.025 0.03293413173652695
2 0.409375 0.35404191616766467 0.01 0.01347305389221557
2 0.44375 0.34805389221556887 0.005 0.008982035928143712
2 0.37625 0.06961077844311377 0.06875 0.07934131736526946
2 0.395 0.2634730538922156 0.04625 0.05389221556886228
3 0.19375 0.4880239520958084 0.04125 0.09880239520958084
2 0.2025 0.49176646706586824 0.0275 0.03293413173652695
3 0.81 0.7088323353293413 0.0325 0.07784431137724551
2 0.80375 0.7058383233532934 0.02 0.023952095808383235
3 0.780625 0.7529940119760479 0.1175 0.05239520958083832
2 0.170625 0.8001497005988024 0.0075 0.01347305389221557
2 0.131875 0.7934131736526946 0.00875 0.0074850299401197605
3 0.13 0.8667664670658682 0.02375 0.06437125748502993
3 0.19875 0.7844311377245509 0.01625 0.02694610778443114
3 0.290625 0.7417664670658682 0.02375 0.017964071856287425
3 0.38375 0.749251497005988 0.03125 0.02245508982035928
3 0.488125 0.33682634730538924 0.0125 0.04640718562874251
1 0.621875 0.47754491017964074 0.07125 0.13023952095808383
2 0.54875 0.4416167664670659 0.0575 0.059880239520958084
2 0.523125 0.40793413173652693 0.00625 0.005988023952095809
2 0.515 0.3907185628742515 0.0075 0.005988023952095809
2 0.631875 0.1279940119760479 0.00875 0.011976047904191617
3 0.67125 0.31362275449101795 0.025 0.04940119760479042
2 0.395625 0.31736526946107785 0.01875 0.020958083832335328