1 0.02625 0.6146926536731634 0.0525 0.11094452773613193
2 0.01875 0.6356821589205397 0.01 0.01199400299850075
2 0.263125 0.6379310344827587 0.01125 0.010494752623688156
2 0.30375 0.8268365817091454 0.01625 0.017991004497751123
2 0.694375 0.823088455772114 0.05375 0.06296851574212893
0 0.285 0.4527736131934033 0.0175 0.020989505247376312
0 0.281875 0.5337331334332833 0.02125 0.019490254872563718
0 0.271875 0.4122938530734633 0.01875 0.0239880059970015
0 0.265625 0.49775112443778113 0.02375 0.0239880059970015
2 0.586875 0.30434782608695654 0.005 0.004497751124437781
1 0.8775 0.24437781109445278 0.06375 0.0704647676161919
2 0.919375 0.23088455772113944 0.01 0.010494752623688156
2 0.906875 0.18290854572713644 0.01125 0.008995502248875561
0 0.84375 0.20164917541229385 0.015 0.022488755622188907
0 0.926875 0.4587706146926537 0.0175 0.017991004497751123
0 0.948125 0.4370314842578711 0.01625 0.019490254872563718
2 0.90125 0.452023988005997 0.005 0.0074962518740629685
2 0.905 0.47226386806596704 0.00875 0.0074962518740629685
0 0.9025 0.3650674662668666 0.01875 0.017991004497751123
0 0.923125 0.3410794602698651 0.0175 0.017991004497751123
2 0.86375 0.25112443778110943 0.005 0.0074962518740629685
1 0.768125 0.18365817091454273 0.0475 0.08245877061469266
2 0.778125 0.16266866566716642 0.00625 0.005997001499250375
0 0.888125 0.12143928035982009 0.01875 0.020989505247376312
1 0.345625 0.17616191904047976 0.0525 0.08545727136431784
2 0.339375 0.15142428785607195 0.01 0.013493253373313344
2 0.698125 0.308095952023988 0.00875 0.010494752623688156
2 0.708125 0.36656671664167917 0.01125 0.008995502248875561
2 0.73625 0.5382308845577212 0.01375 0.017991004497751123
2 0.968125 0.547976011994003 0.05625 0.10944527736131934
2 0.13625 0.2698650674662669 0.03125 0.03298350824587706
2 0.250625 0.787856071964018 0.0125 0.01199400299850075
2 0.045 0.29760119940029983 0.055 0.053973013493253376
1 0.315625 0.7556221889055472 0.07375 0.11094452773613193