2 0.463125 0.27811094452773616 0.01 0.010494752623688156
2 0.57625 0.2856071964017991 0.01125 0.013493253373313344
2 0.57625 0.3568215892053973 0.0125 0.01199400299850075
2 0.57625 0.5719640179910045 0.01875 0.019490254872563718
2 0.575 0.7143928035982009 0.015 0.019490254872563718
1 0.38875 0.2181409295352324 0.03125 0.07646176911544228
0 0.765 0.17466266866566715 0.02 0.026986506746626688
2 0.82 0.1454272863568216 0.01375 0.013493253373313344
2 0.830625 0.20314842578710646 0.01375 0.013493253373313344
1 0.7825 0.23013493253373313 0.07125 0.05997001499250375
2 0.77 0.22788605697151423 0.00875 0.01199400299850075
0 0.823125 0.4917541229385307 0.02125 0.025487256371814093
0 0.809375 0.37106446776611696 0.0175 0.022488755622188907
2 0.795 0.47976011994003 0.015 0.01199400299850075
2 0.796875 0.5029985007496252 0.01 0.013493253373313344
2 0.26375 0.9805097451274363 0.0775 0.035982008995502246
0 0.810625 0.06896551724137931 0.02875 0.03298350824587706
1 0.35625 0.7623688155922039 0.07125 0.08545727136431784
2 0.38625 0.24437781109445278 0.01 0.0074962518740629685
2 0.4475 0.21139430284857572 0.00875 0.0074962518740629685
1 0.655 0.14767616191904048 0.0475 0.10044977511244378
1 0.715 0.14767616191904048 0.0525 0.09145427286356822
0 0.89875 0.7353823088455772 0.03375 0.034482758620689655