0 0.17625 0.5142428785607196 0.0425 0.031484257871064465
0 0.195 0.5352323838080959 0.04125 0.031484257871064465
0 0.215 0.36881559220389803 0.0275 0.019490254872563718
2 0.20125 0.1664167916041979 0.015 0.013493253373313344
0 0.2275 0.07946026986506746 0.03 0.025487256371814093
2 0.54125 0.09895052473763119 0.02 0.020989505247376312
2 0.535 0.15592203898050974 0.02125 0.019490254872563718
0 0.60375 0.1934032983508246 0.01625 0.031484257871064465
2 0.69875 0.09145427286356822 0.02 0.019490254872563718
2 0.68 0.1454272863568216 0.0175 0.017991004497751123
2 0.6125 0.11394302848575712 0.10125 0.0734632683658171
2 0.595 0.25487256371814093 0.01 0.008995502248875561
2 0.56875 0.7016491754122939 0.01625 0.019490254872563718
2 0.57875 0.5562218890554723 0.0175 0.019490254872563718
2 0.765 0.25487256371814093 0.00875 0.01649175412293853
1 0.76875 0.4107946026986507 0.03625 0.07946026986506746
1 0.16625 0.6776611694152923 0.03 0.047976011994003
2 0.1375 0.6701649175412294 0.035 0.14842578710644677
2 0.2275 0.22788605697151423 0.04125 0.12443778110944528
0 0.3875 0.16041979010494753 0.01625 0.022488755622188907
2 0.285 0.1184407796101949 0.07375 0.043478260869565216
3 0.76375 0.1664167916041979 0.01625 0.019490254872563718
3 0.7775 0.13493253373313344 0.01625 0.025487256371814093
3 0.79 0.10494752623688156 0.02 0.031484257871064465
2 0.16375 0.6776611694152923 0.0075 0.008995502248875561
0 0.81125 0.527736131934033 0.0175 0.03298350824587706
2 0.81125 0.49025487256371814 0.00875 0.017991004497751123
2 0.59125 0.32983508245877063 0.015 0.013493253373313344
2 0.1425 0.5517241379310345 0.0125 0.017991004497751123
0 0.795 0.16041979010494753 0.01375 0.01649175412293853