3 0.699375 0.4573353293413174 0.02375 0.008982035928143712
3 0.624375 0.4565868263473054 0.01125 0.0074850299401197605
3 0.771875 0.46182634730538924 0.0225 0.01347305389221557
3 0.605625 0.43488023952095806 0.00875 0.017964071856287425
3 0.603125 0.34655688622754494 0.0125 0.019461077844311378
3 0.6025 0.2791916167664671 0.015 0.02245508982035928
3 0.599375 0.17290419161676646 0.01625 0.02245508982035928
3 0.490625 0.11377245508982035 0.0225 0.017964071856287425
3 0.401875 0.11377245508982035 0.015 0.011976047904191617
2 0.2075 0.17664670658682635 0.005 0.005988023952095809
2 0.25625 0.18113772455089822 0.01 0.008982035928143712
2 0.258125 0.0748502994011976 0.0125 0.01347305389221557
3 0.285625 0.1624251497005988 0.015 0.02844311377245509
2 0.205625 0.6474550898203593 0.0075 0.008982035928143712
3 0.219375 0.5688622754491018 0.015 0.0748502994011976
3 0.285625 0.5059880239520959 0.01625 0.023952095808383235
3 0.289375 0.7994011976047904 0.01625 0.02245508982035928
3 0.28875 0.6676646706586826 0.02125 0.0344311377245509
3 0.285625 0.33083832335329344 0.02 0.029940119760479042
2 0.20375 0.406437125748503 0.01125 0.008982035928143712
3 0.216875 0.35853293413173654 0.01125 0.03143712574850299
3 0.2175 0.23577844311377247 0.01375 0.04341317365269461
3 0.2225 0.07035928143712575 0.01625 0.038922155688622756
2 0.700625 0.2657185628742515 0.0175 0.023952095808383235
2 0.700625 0.17440119760479042 0.01875 0.020958083832335328
3 0.741875 0.08607784431137724 0.05 0.06287425149700598
3 0.660625 0.058383233532934134 0.03 0.041916167664670656