2 0.1825 0.3410794602698651 0.02375 0.026986506746626688
2 0.485625 0.5734632683658171 0.01875 0.017991004497751123
3 0.47375 0.5877061469265368 0.035 0.07646176911544228
3 0.5175 0.6169415292353823 0.10875 0.031484257871064465
1 0.71375 0.19790104947526238 0.1325 0.22788605697151423
0 0.689375 0.280359820089955 0.03 0.026986506746626688
0 0.7425 0.20239880059970014 0.0375 0.026986506746626688
0 0.71125 0.11244377811094453 0.0325 0.034482758620689655
0 0.6675 0.19940029985007496 0.0275 0.022488755622188907
2 0.699375 0.15967016491754124 0.01625 0.020989505247376312
2 0.7 0.22563718140929534 0.01 0.014992503748125937
2 0.724375 0.18365817091454273 0.01 0.014992503748125937
2 0.723125 0.24512743628185907 0.01375 0.0239880059970015
2 0.843125 0.23463268365817092 0.00875 0.01199400299850075
1 0.324375 0.0967016491754123 0.02625 0.0734632683658171
1 0.5375 0.068215892053973 0.05125 0.12893553223388307
2 0.535 0.09970014992503748 0.0075 0.008995502248875561
2 0.325 0.08695652173913043 0.01 0.008995502248875561
3 0.5425 0.01649175412293853 0.025 0.014992503748125937
2 0.5275 0.12443778110944528 0.0075 0.010494752623688156
2 0.63125 0.348575712143928 0.00875 0.010494752623688156
2 0.5775 0.12518740629685157 0.00375 0.005997001499250375
3 0.559375 0.10869565217391304 0.015 0.03298350824587706
3 0.709375 0.8148425787106447 0.0175 0.049475262368815595
2 0.69 0.7511244377811095 0.005 0.0074962518740629685
2 0.71625 0.7451274362818591 0.0075 0.008995502248875561
3 0.240625 0.5337331334332833 0.0275 0.09745127436281859
2 0.21125 0.6881559220389805 0.0125 0.01199400299850075