0 0.03125 0.6709145427286357 0.0475 0.047976011994003
2 0.52125 0.48500749625187406 0.03875 0.044977511244377814
3 0.45 0.6784107946026986 0.02875 0.15442278860569716
3 0.5775 0.6626686656671664 0.05375 0.13493253373313344
2 0.855625 0.7061469265367316 0.01625 0.017991004497751123
2 0.38375 0.15742128935532235 0.0075 0.008995502248875561
2 0.464375 0.18365817091454273 0.00875 0.010494752623688156
2 0.464375 0.212143928035982 0.00875 0.0074962518740629685
1 0.46 0.15592203898050974 0.04125 0.15442278860569716
1 0.386875 0.1199400299850075 0.03375 0.10044977511244378
1 0.310625 0.20389805097451275 0.07 0.05247376311844078
2 0.318125 0.20464767616191903 0.01625 0.01199400299850075
2 0.31125 0.2623688155922039 0.0125 0.008995502248875561
2 0.295625 0.3028485757121439 0.0125 0.010494752623688156
2 0.19875 0.32158920539730135 0.01375 0.01199400299850075
2 0.18625 0.34557721139430286 0.01625 0.010494752623688156
0 0.18875 0.4250374812593703 0.025 0.029985007496251874
0 0.239375 0.3148425787106447 0.025 0.031484257871064465
2 0.18 0.5104947526236882 0.01625 0.022488755622188907
2 0.529375 0.30359820089955025 0.03 0.025487256371814093
2 0.533125 0.11244377811094453 0.01875 0.010494752623688156
2 0.5325 0.06146926536731634 0.0125 0.0074962518740629685
1 0.74375 0.23238380809595202 0.0475 0.0704647676161919
2 0.74625 0.22113943028485758 0.01375 0.008995502248875561
2 0.355 0.8680659670164917 0.01625 0.0074962518740629685