0 0.0375 0.6619190404797601 0.05375 0.05547226386806597
2 0.115625 0.44752623688155924 0.0175 0.017991004497751123
2 0.151875 0.36281859070464767 0.015 0.01199400299850075
2 0.17625 0.32908545727136435 0.015 0.013493253373313344
2 0.186875 0.30359820089955025 0.0125 0.013493253373313344
2 0.1975 0.25412293853073464 0.01125 0.008995502248875561
2 0.221875 0.19940029985007496 0.01375 0.010494752623688156
2 0.286875 0.2908545727136432 0.0175 0.010494752623688156
2 0.29875 0.24887556221889057 0.01125 0.008995502248875561
0 0.29125 0.05547226386806597 0.01875 0.017991004497751123
0 0.15 0.06596701649175413 0.02125 0.014992503748125937
2 0.518125 0.29685157421289354 0.02875 0.017991004497751123
2 0.519375 0.10644677661169415 0.0175 0.01199400299850075
1 0.4475 0.15892053973013492 0.0375 0.11694152923538231
1 0.368125 0.11694152923538231 0.0325 0.09745127436281859
2 0.36875 0.14992503748125938 0.00875 0.0074962518740629685
2 0.45125 0.17316341829085458 0.0075 0.008995502248875561
2 0.451875 0.20464767616191903 0.005 0.0074962518740629685
2 0.865625 0.7151424287856072 0.015 0.013493253373313344
2 0.901875 0.2661169415292354 0.0125 0.01199400299850075
2 0.651875 0.008995502248875561 0.00625 0.008995502248875561
2 0.5175 0.05847076461769116 0.0125 0.01199400299850075
1 0.294375 0.19640179910044978 0.07625 0.05847076461769116
0 0.185 0.41304347826086957 0.02625 0.034482758620689655
0 0.226875 0.30134932533733133 0.02125 0.025487256371814093
2 0.18 0.5044977511244377 0.01125 0.026986506746626688