0 0.145625 0.050974512743628186 0.02625 0.034482758620689655
2 0.136875 0.13418290854572715 0.01375 0.017991004497751123
2 0.12875 0.19940029985007496 0.015 0.017991004497751123
2 0.163125 0.6469265367316341 0.04375 0.14842578710644677
0 0.18125 0.49250374812593706 0.03 0.026986506746626688
0 0.549375 0.19715142428785606 0.01625 0.03298350824587706
2 0.554375 0.25412293853073464 0.01 0.01199400299850075
2 0.56125 0.32983508245877063 0.015 0.020989505247376312
2 0.58875 0.5614692653673163 0.01625 0.022488755622188907
2 0.605625 0.712143928035982 0.015 0.019490254872563718
2 0.470625 0.09070464767616192 0.025 0.025487256371814093
2 0.47625 0.15067466266866567 0.02 0.022488755622188907
2 0.621875 0.15067466266866567 0.01875 0.019490254872563718
2 0.629375 0.09295352323838081 0.02 0.020989505247376312
1 0.7575 0.4197901049475262 0.03125 0.07496251874062969
0 0.323125 0.14392803598200898 0.02375 0.025487256371814093
0 0.819375 0.5464767616191905 0.02375 0.031484257871064465
2 0.8125 0.5097451274362819 0.015 0.019490254872563718
2 0.545625 0.11019490254872563 0.0975 0.07946026986506746
2 0.1425 0.5232383808095952 0.01375 0.022488755622188907
0 0.743125 0.17316341829085458 0.0125 0.022488755622188907
0 0.081875 0.7871064467766117 0.0275 0.034482758620689655