2 0.44625 0.2694610778443114 0.00875 0.010479041916167664
2 0.56 0.2949101796407186 0.01 0.01347305389221557
2 0.565625 0.36676646706586824 0.0125 0.011976047904191617
2 0.5825 0.5845808383233533 0.02 0.019461077844311378
2 0.59125 0.7267964071856288 0.01625 0.019461077844311378
1 0.368125 0.19760479041916168 0.03 0.0718562874251497
0 0.741875 0.2118263473053892 0.02 0.02694610778443114
2 0.795 0.19161676646706588 0.01375 0.014970059880239521
2 0.81 0.2522455089820359 0.01375 0.014970059880239521
1 0.764375 0.2717065868263473 0.07 0.058383233532934134
2 0.751875 0.2679640718562874 0.0075 0.011976047904191617
0 0.825 0.5426646706586826 0.02125 0.023952095808383235
0 0.80125 0.41916167664670656 0.01875 0.02245508982035928
2 0.795625 0.5247005988023952 0.015 0.01347305389221557
2 0.798125 0.5501497005988024 0.00875 0.01347305389221557
2 0.298125 0.9580838323353293 0.07375 0.05688622754491018
0 0.78 0.11377245508982035 0.0275 0.03143712574850299
1 0.375625 0.7417664670658682 0.07 0.08233532934131736
2 0.365625 0.22305389221556887 0.00875 0.0074850299401197605
2 0.425625 0.1998502994011976 0.0075 0.0074850299401197605
1 0.62875 0.16766467065868262 0.0475 0.09730538922155689
1 0.690625 0.17889221556886228 0.05125 0.08832335329341318
0 0.91875 0.7994011976047904 0.0325 0.03293413173652695