0 0.06 0.624251497005988 0.05 0.04790419161676647
2 0.5175 0.4865269461077844 0.04125 0.04341317365269461
3 0.48375 0.6721556886227545 0.02875 0.15718562874251496
3 0.60875 0.6706586826347305 0.05625 0.1377245508982036
2 0.89875 0.7425149700598802 0.0175 0.019461077844311378
2 0.31875 0.1437125748502994 0.00875 0.008982035928143712
2 0.40375 0.1781437125748503 0.01 0.010479041916167664
2 0.41 0.20658682634730538 0.01 0.0074850299401197605
1 0.395 0.1497005988023952 0.04125 0.15718562874251496
1 0.31375 0.1062874251497006 0.03625 0.10179640718562874
1 0.25375 0.18263473053892215 0.075 0.05239520958083832
2 0.26125 0.18413173652694612 0.0175 0.011976047904191617
2 0.265 0.2410179640718563 0.0125 0.008982035928143712
2 0.25625 0.27994011976047906 0.0125 0.010479041916167664
2 0.1625 0.28892215568862273 0.01375 0.011976047904191617
2 0.155 0.312874251497006 0.0175 0.010479041916167664
0 0.17125 0.39221556886227543 0.0275 0.029940119760479042
0 0.20125 0.28592814371257486 0.0275 0.03143712574850299
2 0.17875 0.47754491017964074 0.0175 0.023952095808383235
2 0.4925 0.30538922155688625 0.0325 0.02694610778443114
2 0.46 0.11377245508982035 0.02 0.010479041916167664
2 0.45 0.06287425149700598 0.0125 0.0074850299401197605
1 0.695 0.25449101796407186 0.05 0.07035928143712575
2 0.695 0.2440119760479042 0.01375 0.008982035928143712
2 0.42375 0.8532934131736527 0.0175 0.0074850299401197605