0 0.434375 0.3020989505247376 0.02375 0.034482758620689655
0 0.35 0.3073463268365817 0.025 0.031484257871064465
0 0.425625 0.37631184407796103 0.025 0.029985007496251874
2 0.408125 0.3493253373313343 0.01125 0.010494752623688156
2 0.44375 0.34707646176911544 0.005 0.008995502248875561
2 0.375 0.06446776611694154 0.07125 0.07496251874062969
2 0.395 0.25787106446776614 0.04875 0.050974512743628186
3 0.19125 0.46401799100449775 0.04 0.09295352323838081
2 0.20125 0.46926536731634183 0.0275 0.029985007496251874
3 0.811875 0.7316341829085458 0.0325 0.07496251874062969
2 0.806875 0.7286356821589205 0.02 0.022488755622188907
3 0.7825 0.7743628185907047 0.12375 0.043478260869565216
2 0.168125 0.7721139430284858 0.0075 0.01199400299850075
2 0.128125 0.7623688155922039 0.01 0.0074962518740629685
3 0.1275 0.835832083958021 0.0225 0.06146926536731634
3 0.196875 0.7593703148425787 0.01625 0.025487256371814093
3 0.28875 0.724887556221889 0.02375 0.01649175412293853
3 0.3825 0.7391304347826086 0.0325 0.019490254872563718
3 0.48875 0.3373313343328336 0.0125 0.046476761619190406
1 0.6225 0.48650674662668664 0.07125 0.12443778110944528
2 0.549375 0.44677661169415295 0.06 0.05547226386806597
2 0.52375 0.411544227886057 0.0075 0.005997001499250375
2 0.514375 0.39355322338830584 0.00875 0.005997001499250375
2 0.631875 0.14167916041979012 0.01 0.010494752623688156
3 0.6725 0.32908545727136435 0.025 0.047976011994003
2 0.395 0.3118440779610195 0.0175 0.019490254872563718