0 0.1825 0.0727136431784108 0.02625 0.03298350824587706
2 0.1675 0.15742128935532235 0.0125 0.01649175412293853
2 0.153125 0.22338830584707647 0.01375 0.01649175412293853
2 0.150625 0.6686656671664168 0.04 0.1469265367316342
0 0.18125 0.5119940029985007 0.03 0.025487256371814093
0 0.575625 0.1934032983508246 0.015 0.031484257871064465
2 0.575 0.25037481259370314 0.01 0.01199400299850075
2 0.57625 0.3268365817091454 0.01375 0.019490254872563718
2 0.583125 0.5562218890554723 0.015 0.020989505247376312
2 0.588125 0.7053973013493253 0.01375 0.017991004497751123
2 0.505 0.09145427286356822 0.025 0.0239880059970015
2 0.505 0.15142428785607195 0.02 0.020989505247376312
2 0.65125 0.1409295352323838 0.01875 0.017991004497751123
2 0.664375 0.08395802098950525 0.02 0.019490254872563718
1 0.76375 0.404047976011994 0.03125 0.07196401799100449
0 0.35375 0.15442278860569716 0.02375 0.0239880059970015
0 0.816875 0.5269865067466267 0.02375 0.029985007496251874
2 0.8125 0.48950524737631185 0.01375 0.017991004497751123
2 0.579375 0.10644677661169415 0.09875 0.07496251874062969
2 0.139375 0.5472263868065967 0.0125 0.020989505247376312
0 0.055625 0.8140929535232384 0.0275 0.03298350824587706