0 0.17375 0.5179910044977512 0.045 0.03298350824587706
0 0.193125 0.5374812593703149 0.04375 0.03298350824587706
0 0.20875 0.37181409295352325 0.03 0.019490254872563718
2 0.19 0.1701649175412294 0.015 0.013493253373313344
0 0.21375 0.08395802098950525 0.0325 0.025487256371814093
2 0.53125 0.09970014992503748 0.02125 0.020989505247376312
2 0.52625 0.15667166416791603 0.0225 0.019490254872563718
0 0.596875 0.19415292353823088 0.01875 0.031484257871064465
2 0.69 0.09145427286356822 0.02125 0.019490254872563718
2 0.6725 0.14617691154422788 0.02 0.017991004497751123
2 0.603125 0.11469265367316342 0.10625 0.07496251874062969
2 0.589375 0.2556221889055472 0.01 0.008995502248875561
2 0.575 0.7001499250374813 0.01875 0.019490254872563718
2 0.58125 0.5554722638680659 0.02 0.019490254872563718
2 0.76125 0.25337331334332835 0.01 0.014992503748125937
1 0.769375 0.4077961019490255 0.04125 0.07646176911544228
1 0.168125 0.6806596701649176 0.03375 0.047976011994003
2 0.139375 0.6739130434782609 0.0425 0.1424287856071964
2 0.21875 0.23238380809595202 0.0475 0.1199400299850075
0 0.3775 0.16266866566716642 0.01875 0.022488755622188907
2 0.2725 0.12218890554722639 0.07625 0.046476761619190406
3 0.756875 0.164167916041979 0.01875 0.019490254872563718
3 0.769375 0.13418290854572715 0.01875 0.025487256371814093
3 0.783125 0.10344827586206896 0.02125 0.031484257871064465
2 0.165625 0.6806596701649176 0.0075 0.008995502248875561
0 0.815625 0.5239880059970015 0.02 0.03298350824587706
2 0.8125 0.487256371814093 0.01 0.01649175412293853
2 0.58625 0.32983508245877063 0.015 0.013493253373313344
2 0.14 0.5547226386806596 0.01375 0.01649175412293853
0 0.789375 0.15967016491754124 0.015 0.01649175412293853