0 0.46375 0.30884557721139433 0.0225 0.034482758620689655
0 0.3775 0.32533733133433285 0.02375 0.031484257871064465
0 0.44375 0.383808095952024 0.02375 0.029985007496251874
2 0.43 0.3598200899550225 0.01 0.010494752623688156
2 0.46625 0.3523238380809595 0.005 0.008995502248875561
2 0.44 0.07496251874062969 0.06625 0.07196401799100449
2 0.43 0.2683658170914543 0.045 0.049475262368815595
3 0.195 0.5037481259370314 0.0375 0.09295352323838081
2 0.2025 0.5082458770614693 0.02625 0.029985007496251874
3 0.78 0.6956521739130435 0.02875 0.07496251874062969
2 0.775 0.6926536731634183 0.01875 0.022488755622188907
3 0.74375 0.7421289355322339 0.1175 0.04047976011994003
2 0.12375 0.8185907046476761 0.00625 0.01199400299850075
2 0.085 0.8125937031484258 0.00875 0.0074962518740629685
3 0.0725 0.8875562218890555 0.02 0.06146926536731634
3 0.15375 0.8020989505247377 0.01625 0.025487256371814093
3 0.2525 0.7541229385307346 0.0225 0.01649175412293853
3 0.345 0.7571214392803598 0.03 0.019490254872563718
3 0.5125 0.3373313343328336 0.01 0.046476761619190406
1 0.62625 0.47226386806596704 0.06625 0.12293853073463268
2 0.55875 0.43928035982008995 0.055 0.053973013493253376
2 0.5375 0.4077961019490255 0.00625 0.005997001499250375
2 0.53125 0.38980509745127434 0.0075 0.005997001499250375
2 0.6875 0.1199400299850075 0.00875 0.010494752623688156
3 0.7 0.30434782608695654 0.0225 0.047976011994003
2 0.4225 0.32233883058470764 0.0175 0.019490254872563718