1 0.02625 0.5697151424287856 0.0525 0.11394302848575712
2 0.015 0.5892053973013494 0.01 0.01199400299850075
2 0.255 0.6154422788605697 0.01125 0.010494752623688156
2 0.279375 0.8095952023988006 0.01625 0.019490254872563718
2 0.6625 0.8448275862068966 0.05375 0.06446776611694154
0 0.293125 0.431784107946027 0.0175 0.022488755622188907
0 0.283125 0.512743628185907 0.02125 0.020989505247376312
0 0.28375 0.38905547226386805 0.01875 0.025487256371814093
0 0.27 0.4737631184407796 0.02375 0.025487256371814093
2 0.603125 0.3110944527736132 0.005 0.004497751124437781
1 0.893125 0.27961019490254874 0.06375 0.07196401799100449
2 0.934375 0.2698650674662669 0.01 0.010494752623688156
2 0.926875 0.22113943028485758 0.01125 0.008995502248875561
0 0.86375 0.23388305847076463 0.015 0.0239880059970015
0 0.921875 0.5022488755622189 0.0175 0.019490254872563718
0 0.945625 0.48050974512743627 0.01625 0.020989505247376312
2 0.8975 0.4910044977511244 0.005 0.0074962518740629685
2 0.899375 0.512743628185907 0.00875 0.0074962518740629685
0 0.9075 0.404047976011994 0.01875 0.019490254872563718
0 0.92875 0.3815592203898051 0.0175 0.019490254872563718
2 0.8775 0.2848575712143928 0.005 0.0074962518740629685
1 0.79125 0.20839580209895053 0.0475 0.08545727136431784
2 0.801875 0.18590704647676162 0.00625 0.005997001499250375
0 0.914375 0.15592203898050974 0.01875 0.022488755622188907
1 0.3775 0.15892053973013492 0.0525 0.08845577211394302
2 0.37375 0.13343328335832083 0.01 0.013493253373313344
2 0.71125 0.32533733133433285 0.00875 0.010494752623688156
2 0.71625 0.3860569715142429 0.01125 0.008995502248875561
2 0.726875 0.5622188905547226 0.01375 0.019490254872563718
2 0.956875 0.5929535232383808 0.06 0.11094452773613193
2 0.163125 0.23163418290854573 0.03125 0.03298350824587706
2 0.23 0.7661169415292354 0.0125 0.01199400299850075
2 0.065 0.24962518740629686 0.065 0.053973013493253376
1 0.2975 0.7383808095952024 0.07375 0.11394302848575712