3 0.695625 0.4468562874251497 0.025 0.008982035928143712
3 0.620625 0.4505988023952096 0.0125 0.0074850299401197605
3 0.768125 0.4468562874251497 0.02375 0.01347305389221557
3 0.600625 0.42889221556886226 0.01 0.016467065868263474
3 0.591875 0.3405688622754491 0.01375 0.017964071856287425
3 0.58625 0.27320359281437123 0.01625 0.020958083832335328
3 0.574375 0.16691616766467066 0.0175 0.020958083832335328
3 0.461875 0.11377245508982035 0.02375 0.016467065868263474
3 0.373125 0.11826347305389222 0.01625 0.011976047904191617
2 0.185 0.19161676646706588 0.005 0.005988023952095809
2 0.23375 0.19461077844311378 0.01125 0.008982035928143712
2 0.228125 0.08832335329341318 0.01375 0.01347305389221557
3 0.261875 0.17440119760479042 0.01625 0.02694610778443114
2 0.218125 0.6624251497005988 0.0075 0.008982035928143712
3 0.225625 0.5838323353293413 0.01625 0.07035928143712575
3 0.286875 0.5179640718562875 0.0175 0.02245508982035928
3 0.311875 0.8098802395209581 0.0175 0.020958083832335328
3 0.3025 0.6796407185628742 0.0225 0.03293413173652695
3 0.274375 0.34281437125748504 0.02125 0.02844311377245509
2 0.1975 0.42290419161676646 0.0125 0.008982035928143712
3 0.208125 0.37350299401197606 0.0125 0.029940119760479042
3 0.19875 0.25074850299401197 0.015 0.041916167664670656
3 0.19125 0.08532934131736528 0.0175 0.0374251497005988
2 0.683125 0.25523952095808383 0.01875 0.02245508982035928
2 0.675625 0.16392215568862276 0.02 0.019461077844311378
3 0.710625 0.07260479041916168 0.05375 0.059880239520958084
3 0.626875 0.04940119760479042 0.0325 0.040419161676646706