0 0.13125 0.020239880059970013 0.03 0.034482758620689655
2 0.125 0.10194902548725637 0.015 0.01649175412293853
2 0.1175 0.1656671664167916 0.0175 0.01649175412293853
2 0.164375 0.6124437781109445 0.0475 0.1454272863568216
0 0.178125 0.45952023988005997 0.03375 0.025487256371814093
0 0.543125 0.20389805097451275 0.01875 0.03298350824587706
2 0.549375 0.2608695652173913 0.01125 0.01199400299850075
2 0.55875 0.3373313343328336 0.0175 0.019490254872563718
2 0.590625 0.5689655172413793 0.01875 0.020989505247376312
2 0.611875 0.7188905547226386 0.0175 0.017991004497751123
2 0.461875 0.09145427286356822 0.02875 0.0239880059970015
2 0.4675 0.15142428785607195 0.0225 0.020989505247376312
2 0.615 0.1656671664167916 0.02125 0.017991004497751123
2 0.62125 0.10944527736131934 0.0225 0.019490254872563718
1 0.758125 0.44677661169415295 0.035 0.07196401799100449
0 0.313125 0.13043478260869565 0.02625 0.0239880059970015
0 0.82375 0.5787106446776612 0.02625 0.031484257871064465
2 0.815 0.5412293853073463 0.0175 0.017991004497751123
2 0.536875 0.1191904047976012 0.10875 0.07646176911544228
2 0.139375 0.48875562218890556 0.015 0.020989505247376312
0 0.083125 0.7428785607196402 0.03125 0.034482758620689655