3 0.215625 0.5952023988005997 0.015 0.07196401799100449
3 0.28375 0.5322338830584707 0.01125 0.022488755622188907
3 0.285 0.6911544227886057 0.0125 0.019490254872563718
3 0.28375 0.8245877061469266 0.0125 0.017991004497751123
3 0.219375 0.8140929535232384 0.01375 0.044977511244377814
2 0.218125 0.8095952023988006 0.005 0.0074962518740629685
3 0.28625 0.3538230884557721 0.02 0.02848575712143928
3 0.29125 0.18365817091454273 0.01625 0.031484257871064465
2 0.261875 0.20614692653673164 0.00625 0.005997001499250375
2 0.20625 0.43928035982008995 0.00875 0.01199400299850075
2 0.211875 0.2098950524737631 0.00625 0.008995502248875561
3 0.606875 0.16041979010494753 0.0125 0.022488755622188907
3 0.6075 0.26686656671664166 0.0075 0.019490254872563718
3 0.609375 0.3373313343328336 0.0075 0.019490254872563718
3 0.609375 0.42128935532233885 0.00875 0.022488755622188907
2 0.705625 0.14992503748125938 0.01375 0.020989505247376312
2 0.710625 0.24437781109445278 0.01625 0.020989505247376312
3 0.22375 0.27061469265367316 0.0175 0.043478260869565216
2 0.2675 0.09970014992503748 0.00625 0.01199400299850075
2 0.204375 0.6814092953523239 0.0075 0.01199400299850075
3 0.22875 0.09820089955022489 0.01125 0.025487256371814093
3 0.63125 0.444527736131934 0.015 0.0074962518740629685
3 0.705 0.4370314842578711 0.02 0.013493253373313344
3 0.775 0.4325337331334333 0.01625 0.01199400299850075
3 0.670625 0.037481259370314844 0.03625 0.046476761619190406
3 0.749375 0.05997001499250375 0.05 0.07196401799100449