0 0.2275 0.04422788605697151 0.02875 0.034482758620689655
2 0.20375 0.12893553223388307 0.015 0.017991004497751123
2 0.18375 0.1926536731634183 0.01625 0.017991004497751123
2 0.139375 0.6409295352323838 0.04625 0.14842578710644677
0 0.184375 0.48500749625187406 0.0325 0.026986506746626688
0 0.604375 0.19790104947526238 0.0175 0.03298350824587706
2 0.598125 0.25487256371814093 0.01125 0.01199400299850075
2 0.5925 0.3313343328335832 0.01625 0.020989505247376312
2 0.576875 0.5629685157421289 0.0175 0.022488755622188907
2 0.566875 0.7128935532233883 0.01625 0.019490254872563718
2 0.544375 0.08995502248875563 0.02625 0.025487256371814093
2 0.53875 0.15142428785607195 0.02125 0.022488755622188907
2 0.68375 0.15217391304347827 0.02 0.019490254872563718
2 0.70125 0.095952023988006 0.02125 0.020989505247376312
1 0.770625 0.4257871064467766 0.03375 0.07496251874062969
0 0.388125 0.1409295352323838 0.025 0.025487256371814093
0 0.81 0.553223388305847 0.025 0.031484257871064465
2 0.80875 0.5157421289355323 0.01625 0.019490254872563718
2 0.615625 0.11169415292353824 0.10375 0.07946026986506746
2 0.139375 0.5172413793103449 0.015 0.022488755622188907
0 0.8 0.17766116941529236 0.01375 0.022488755622188907
0 0.031875 0.7788605697151424 0.03 0.034482758620689655