3 0.694375 0.4550898203592814 0.02625 0.0074850299401197605
3 0.619375 0.4550898203592814 0.0125 0.0074850299401197605
3 0.768125 0.45808383233532934 0.025 0.011976047904191617
3 0.59875 0.4333832335329341 0.00875 0.016467065868263474
3 0.5875 0.34505988023952094 0.0125 0.017964071856287425
3 0.580625 0.2776946107784431 0.015 0.019461077844311378
3 0.56625 0.17140718562874252 0.0175 0.019461077844311378
3 0.451875 0.11377245508982035 0.02375 0.014970059880239521
3 0.363125 0.11377245508982035 0.0175 0.010479041916167664
2 0.175 0.17964071856287425 0.00625 0.005988023952095809
2 0.224375 0.18413173652694612 0.01125 0.008982035928143712
2 0.215 0.07784431137724551 0.01375 0.011976047904191617
3 0.25125 0.1661676646706587 0.015 0.025449101796407185
2 0.220625 0.6497005988023952 0.00875 0.008982035928143712
3 0.2275 0.5718562874251497 0.015 0.07035928143712575
3 0.28625 0.5089820359281437 0.0175 0.020958083832335328
3 0.319375 0.8008982035928144 0.0175 0.019461077844311378
3 0.30625 0.6706586826347305 0.0225 0.03143712574850299
3 0.26875 0.3338323353293413 0.02125 0.02694610778443114
2 0.195 0.4101796407185629 0.0125 0.008982035928143712
3 0.203125 0.36227544910179643 0.01125 0.029940119760479042
3 0.19125 0.23952095808383234 0.01375 0.041916167664670656
3 0.18 0.07410179640718563 0.0175 0.03592814371257485
2 0.676875 0.2634730538922156 0.01875 0.020958083832335328
2 0.6675 0.1721556886227545 0.02 0.017964071856287425
3 0.7 0.08308383233532934 0.055 0.058383233532934134
3 0.61625 0.0561377245508982 0.0325 0.038922155688622756