0 0.025625 0.6394302848575713 0.04875 0.046476761619190406
2 0.52125 0.48650674662668664 0.03875 0.043478260869565216
3 0.4375 0.6634182908545727 0.03 0.14992503748125938
3 0.56875 0.6686656671664168 0.055 0.13193403298350825
2 0.844375 0.7316341829085458 0.01625 0.017991004497751123
2 0.21875 0.2413793103448276 0.015 0.010494752623688156
2 0.248125 0.1874062968515742 0.0175 0.01199400299850075
2 0.4 0.1424287856071964 0.0075 0.008995502248875561
2 0.4775 0.17316341829085458 0.00625 0.0074962518740629685
2 0.478125 0.20464767616191903 0.0075 0.004497751124437781
1 0.47625 0.14167916041979012 0.04125 0.14992503748125938
0 0.48125 0.07721139430284858 0.01625 0.014992503748125937
1 0.399375 0.10794602698650675 0.035 0.09745127436281859
1 0.325625 0.1889055472263868 0.07125 0.050974512743628186
2 0.333125 0.1911544227886057 0.01625 0.01199400299850075
2 0.32 0.239880059970015 0.0125 0.008995502248875561
2 0.304375 0.28335832083958024 0.0125 0.010494752623688156
2 0.203125 0.29160419790104947 0.01375 0.008995502248875561
2 0.19125 0.315592203898051 0.01625 0.010494752623688156
0 0.328125 0.046476761619190406 0.02875 0.022488755622188907
0 0.1875 0.05247376311844078 0.02625 0.0239880059970015
2 0.161875 0.34632683658170915 0.0175 0.01199400299850075
2 0.12 0.43103448275862066 0.01875 0.01649175412293853
0 0.19375 0.4025487256371814 0.025 0.02848575712143928
0 0.245625 0.2863568215892054 0.025 0.029985007496251874
2 0.18125 0.48800599700149927 0.01625 0.022488755622188907
2 0.535625 0.2946026986506747 0.03125 0.025487256371814093
2 0.550625 0.10719640179910045 0.01875 0.010494752623688156
2 0.55375 0.05772113943028486 0.0125 0.0074962518740629685
2 0.921875 0.2841079460269865 0.02375 0.017991004497751123
2 0.693125 0.014992503748125937 0.0075 0.0074962518740629685
1 0.755 0.24812593703148425 0.04875 0.06896551724137931
2 0.7575 0.2331334332833583 0.01375 0.008995502248875561
2 0.0425 0.11319340329835083 0.0175 0.019490254872563718
2 0.301875 0.10794602698650675 0.0075 0.008995502248875561
2 0.293125 0.1206896551724138 0.01 0.0074962518740629685
2 0.323125 0.10794602698650675 0.0925 0.06746626686656672
2 0.33375 0.856071964017991 0.01625 0.0074962518740629685