0 0.438125 0.3046407185628742 0.02375 0.03293413173652695
2 0.4025 0.3166167664670659 0.02125 0.017964071856287425
0 0.36125 0.31736526946107785 0.02375 0.029940119760479042
2 0.415625 0.3562874251497006 0.01 0.011976047904191617
0 0.431875 0.38323353293413176 0.02375 0.029940119760479042
2 0.155625 0.7994011976047904 0.01 0.01347305389221557
2 0.116875 0.7866766467065869 0.0075 0.01347305389221557
3 0.768125 0.6983532934131736 0.01375 0.0748502994011976
2 0.798125 0.7095808383233533 0.01125 0.01347305389221557
3 0.813125 0.7170658682634731 0.01625 0.07784431137724551
2 0.450625 0.3495508982035928 0.00375 0.005988023952095809
3 0.495 0.3398203592814371 0.01 0.04341317365269461
3 0.68125 0.31511976047904194 0.02 0.038922155688622756
3 0.195 0.4962574850299401 0.0375 0.09880239520958084
2 0.20125 0.49101796407185627 0.02875 0.023952095808383235
2 0.405 0.25748502994011974 0.04 0.040419161676646706
3 0.185625 0.780688622754491 0.01125 0.016467065868263474
3 0.113125 0.8615269461077845 0.02375 0.05239520958083832
3 0.77125 0.750748502994012 0.11 0.02245508982035928
2 0.39375 0.0688622754491018 0.06125 0.07035928143712575
3 0.46875 0.2597305389221557 0.01625 0.03293413173652695
3 0.473125 0.20508982035928144 0.01375 0.029940119760479042
3 0.4775 0.15718562874251496 0.01 0.02694610778443114
2 0.648125 0.12949101796407186 0.00875 0.010479041916167664
2 0.678125 0.812125748502994 0.0275 0.025449101796407185
2 0.683125 0.969311377245509 0.02625 0.029940119760479042
2 0.554375 0.4431137724550898 0.05625 0.05688622754491018
2 0.52625 0.4094311377245509 0.005 0.005988023952095809
2 0.52125 0.3929640718562874 0.005 0.005988023952095809
2 0.506875 0.36826347305389223 0.01125 0.008982035928143712
2 0.50875 0.24775449101796407 0.00375 0.008982035928143712
2 0.55 0.3083832335329341 0.0025 0.005988023952095809
3 0.37125 0.7485029940119761 0.03125 0.011976047904191617
3 0.2775 0.7432634730538922 0.0275 0.019461077844311378
1 0.62375 0.4812874251497006 0.06625 0.13323353293413173