2 0.213125 0.32158920539730135 0.02625 0.02848575712143928
2 0.474375 0.5734632683658171 0.02 0.017991004497751123
3 0.45875 0.5877061469265368 0.03625 0.08095952023988005
3 0.498125 0.6169415292353823 0.1175 0.031484257871064465
1 0.759375 0.20914542728635682 0.14125 0.2368815592203898
0 0.721875 0.2886056971514243 0.03375 0.02848575712143928
0 0.790625 0.20839580209895053 0.03625 0.026986506746626688
0 0.770625 0.12368815592203898 0.03625 0.035982008995502246
0 0.714375 0.20689655172413793 0.02875 0.0239880059970015
2 0.751875 0.1679160419790105 0.01625 0.020989505247376312
2 0.74125 0.23238380809595202 0.01 0.01649175412293853
2 0.77125 0.19415292353823088 0.01 0.01649175412293853
2 0.763125 0.25112443778110943 0.015 0.0239880059970015
2 0.881875 0.25037481259370314 0.01 0.013493253373313344
2 0.858125 0.11619190404797601 0.0125 0.0074962518740629685
3 0.8525 0.12668665667166418 0.04 0.020989505247376312
1 0.395 0.08620689655172414 0.02875 0.07796101949025487
1 0.60875 0.06971514242878561 0.05375 0.13493253373313344
2 0.600625 0.0967016491754123 0.00875 0.008995502248875561
2 0.3975 0.07721139430284858 0.01125 0.008995502248875561
3 0.62125 0.017241379310344827 0.0275 0.01649175412293853
2 0.59 0.1199400299850075 0.0075 0.005997001499250375
2 0.65375 0.3538230884557721 0.00375 0.004497751124437781
2 0.638125 0.12368815592203898 0.0025 0.004497751124437781
3 0.6225 0.11094452773613193 0.01625 0.03298350824587706
3 0.65375 0.8268365817091454 0.0175 0.049475262368815595
2 0.645625 0.7616191904047976 0.005 0.0074962518740629685
2 0.671875 0.7571214392803598 0.00875 0.008995502248875561
3 0.24 0.5194902548725637 0.02875 0.10194902548725637
2 0.183125 0.6724137931034483 0.01375 0.01199400299850075