3 0.70625 0.48575712143928035 0.02625 0.008995502248875561
3 0.630625 0.4745127436281859 0.0125 0.0074962518740629685
3 0.77625 0.5 0.015 0.0074962518740629685
3 0.6075 0.4497751124437781 0.01 0.017991004497751123
3 0.60125 0.36431784107946025 0.00625 0.01199400299850075
3 0.596875 0.29535232383808097 0.01125 0.01649175412293853
3 0.589375 0.1889055472263868 0.01875 0.022488755622188907
3 0.474375 0.11619190404797601 0.025 0.017991004497751123
3 0.384375 0.10494752623688156 0.0175 0.01199400299850075
2 0.190625 0.1431784107946027 0.00625 0.005997001499250375
2 0.241875 0.15217391304347827 0.0075 0.0074962518740629685
2 0.24125 0.050974512743628186 0.0075 0.0074962518740629685
3 0.275 0.1409295352323838 0.0175 0.02848575712143928
2 0.210625 0.6094452773613194 0.0075 0.0074962518740629685
3 0.22 0.5337331334332833 0.0175 0.07496251874062969
3 0.28375 0.47976011994003 0.01875 0.0239880059970015
3 0.3 0.7713643178410795 0.01875 0.022488755622188907
3 0.294375 0.6409295352323838 0.02375 0.034482758620689655
3 0.27625 0.3065967016491754 0.0225 0.029985007496251874
2 0.198125 0.37181409295352325 0.01 0.010494752623688156
2 0.548125 0.15517241379310345 0.0075 0.010494752623688156
3 0.230625 0.7413793103448276 0.0125 0.031484257871064465
2 0.231875 0.7413793103448276 0.00625 0.010494752623688156
3 0.09875 0.2391304347826087 0.0125 0.037481259370314844
2 0.0975 0.239880059970015 0.00875 0.010494752623688156
3 0.208125 0.32458770614692656 0.0125 0.031484257871064465
2 0.206875 0.3230884557721139 0.00875 0.008995502248875561
3 0.204375 0.20389805097451275 0.015 0.043478260869565216
3 0.204375 0.04122938530734633 0.01875 0.038980509745127435
2 0.698125 0.29760119940029983 0.02 0.0239880059970015
2 0.68875 0.20314842578710646 0.02125 0.020989505247376312
3 0.72875 0.1206896551724138 0.05625 0.06296851574212893
3 0.649375 0.07796101949025487 0.03375 0.04047976011994003