2 0.7425 0.8532934131736527 0.05 0.058383233532934134
2 0.3475 0.7994011976047904 0.015 0.016467065868263474
2 0.2825 0.6062874251497006 0.01625 0.019461077844311378
2 0.1525 0.20808383233532934 0.005 0.005988023952095809
2 0.1025 0.21107784431137724 0.0325 0.02694610778443114
2 0.013125 0.2312874251497006 0.02625 0.05538922155688623
1 0.10375 0.405688622754491 0.05625 0.040419161676646706
1 0.03875 0.5494011976047904 0.0475 0.10778443113772455
2 0.035 0.5673652694610778 0.01625 0.016467065868263474
2 0.29 0.7544910179640718 0.01125 0.011976047904191617
1 0.35125 0.7290419161676647 0.07125 0.1122754491017964
0 0.28375 0.5 0.02625 0.019461077844311378
0 0.27875 0.4251497005988024 0.025 0.020958083832335328
0 0.2575 0.3787425149700599 0.02 0.023952095808383235
1 0.29875 0.1497005988023952 0.04875 0.08532934131736528
2 0.28875 0.12425149700598802 0.00625 0.005988023952095809
2 0.88625 0.2874251497005988 0.01 0.008982035928143712
2 0.865 0.23952095808383234 0.01125 0.010479041916167664
0 0.84 0.1691616766467066 0.01875 0.025449101796407185
1 0.84125 0.30538922155688625 0.0675 0.08233532934131736
0 0.80375 0.2470059880239521 0.02 0.020958083832335328
2 0.6725 0.3338323353293413 0.01125 0.010479041916167664
2 0.69125 0.3937125748502994 0.01125 0.011976047904191617
0 0.905 0.40119760479041916 0.015 0.019461077844311378
0 0.88875 0.42065868263473055 0.01875 0.019461077844311378
0 0.9225 0.5179640718562875 0.015 0.016467065868263474
0 0.94125 0.5 0.01875 0.023952095808383235
2 0.89625 0.5074850299401198 0.00875 0.0074850299401197605
2 0.90625 0.5284431137724551 0.01 0.011976047904191617
1 0.975625 0.6152694610778443 0.04625 0.10179640718562874
2 0.56 0.3143712574850299 0.00375 0.005988023952095809
2 0.74375 0.5718562874251497 0.01125 0.016467065868263474
2 0.77375 0.6841317365269461 0.01125 0.01347305389221557