2 0.176875 0.2856071964017991 0.02375 0.026986506746626688
2 0.48625 0.5712143928035982 0.01875 0.017991004497751123
3 0.475 0.5839580209895052 0.0325 0.07796101949025487
3 0.519375 0.6176911544227887 0.11125 0.026986506746626688
1 0.710625 0.23388305847076463 0.13125 0.22938530734632684
0 0.686875 0.3110944527736132 0.03 0.026986506746626688
0 0.74125 0.2376311844077961 0.0325 0.025487256371814093
0 0.705625 0.14842578710644677 0.0325 0.03298350824587706
0 0.663125 0.22713643178410794 0.0275 0.022488755622188907
2 0.694375 0.1934032983508246 0.01625 0.020989505247376312
2 0.69625 0.25487256371814093 0.00875 0.01649175412293853
2 0.719375 0.22113943028485758 0.00875 0.01649175412293853
2 0.7225 0.27811094452773616 0.01375 0.0239880059970015
2 0.840625 0.2908545727136432 0.00875 0.01199400299850075
2 0.793125 0.15217391304347827 0.0125 0.0074962518740629685
3 0.78875 0.16266866566716642 0.03875 0.020989505247376312
1 0.3175 0.068215892053973 0.02625 0.07496251874062969
1 0.53125 0.07571214392803598 0.04875 0.13043478260869565
2 0.528125 0.10269865067466268 0.0075 0.008995502248875561
2 0.31875 0.05997001499250375 0.01 0.008995502248875561
3 0.535625 0.025487256371814093 0.02625 0.013493253373313344
2 0.521875 0.12668665667166418 0.00625 0.005997001499250375
2 0.629375 0.36881559220389803 0.00375 0.004497751124437781
2 0.571875 0.13343328335832083 0.0025 0.004497751124437781
3 0.553125 0.1199400299850075 0.015 0.031484257871064465
3 0.715 0.848575712143928 0.0175 0.049475262368815595
2 0.695 0.780359820089955 0.005 0.0074962518740629685
2 0.72125 0.7796101949025487 0.0075 0.008995502248875561
3 0.24 0.4910044977511244 0.02625 0.09745127436281859
2 0.21 0.638680659670165 0.01375 0.010494752623688156