2 0.455 0.27095808383233533 0.00875 0.010479041916167664
2 0.5675 0.30538922155688625 0.01 0.01347305389221557
2 0.570625 0.37574850299401197 0.01125 0.011976047904191617
2 0.57875 0.5890718562874252 0.01875 0.020958083832335328
2 0.5825 0.7312874251497006 0.015 0.020958083832335328
1 0.379375 0.19161676646706588 0.02875 0.07634730538922156
0 0.753125 0.2252994011976048 0.01875 0.02844311377245509
2 0.80625 0.2148203592814371 0.0125 0.016467065868263474
2 0.81625 0.27095808383233533 0.0125 0.016467065868263474
1 0.773125 0.2866766467065868 0.0675 0.061377245508982034
2 0.760625 0.2844311377245509 0.0075 0.0074850299401197605
0 0.82 0.5606287425149701 0.02 0.025449101796407185
0 0.8025 0.437874251497006 0.0175 0.023952095808383235
2 0.793125 0.5426646706586826 0.01375 0.01347305389221557
2 0.795625 0.5681137724550899 0.00875 0.01347305389221557
2 0.791875 0.344311377245509 0.01125 0.016467065868263474
2 0.763125 0.3383233532934132 0.00875 0.01347305389221557
2 0.76 0.3158682634730539 0.0075 0.005988023952095809
2 0.286875 0.9461077844311377 0.0575 0.058383233532934134
0 0.79125 0.13023952095808383 0.02625 0.03293413173652695
1 0.370625 0.7312874251497006 0.0675 0.08682634730538923
2 0.375625 0.21706586826347304 0.00875 0.0074850299401197605
2 0.438125 0.1998502994011976 0.0075 0.0074850299401197605
2 0.4575 0.20808383233532934 0.00625 0.0074850299401197605
1 0.64125 0.1751497005988024 0.04625 0.10179640718562874
1 0.701875 0.18937125748502995 0.05 0.09281437125748503
0 0.90125 0.8173652694610778 0.04375 0.040419161676646706