0 0.455 0.31334332833583206 0.02625 0.034482758620689655
2 0.416875 0.3313343328335832 0.02375 0.020989505247376312
0 0.37625 0.3365817091454273 0.02625 0.031484257871064465
2 0.426875 0.36806596701649175 0.0125 0.013493253373313344
0 0.440625 0.39205397301349326 0.02625 0.031484257871064465
2 0.1275 0.8493253373313343 0.0125 0.01649175412293853
2 0.089375 0.8440779610194903 0.01 0.013493253373313344
3 0.751875 0.6604197901049476 0.0175 0.07946026986506746
2 0.78125 0.6679160419790104 0.01375 0.01649175412293853
3 0.796875 0.6746626686656672 0.02125 0.08245877061469266
3 0.509375 0.3403298350824588 0.01375 0.043478260869565216
3 0.69875 0.2901049475262369 0.02375 0.04047976011994003
3 0.193125 0.5397301349325337 0.04375 0.10494752623688156
2 0.200625 0.5344827586206896 0.03125 0.026986506746626688
2 0.42625 0.27136431784107945 0.045 0.041979010494752625
3 0.15875 0.8275862068965517 0.01375 0.019490254872563718
3 0.07875 0.9190404797601199 0.02625 0.05547226386806597
3 0.75125 0.712143928035982 0.1175 0.031484257871064465
2 0.4275 0.08320839580209895 0.0675 0.07646176911544228
3 0.49 0.2631184407796102 0.01875 0.034482758620689655
3 0.499375 0.20839580209895053 0.01625 0.031484257871064465
3 0.50625 0.16041979010494753 0.0125 0.029985007496251874
2 0.680625 0.10869565217391304 0.01 0.010494752623688156
2 0.6525 0.7893553223388305 0.03 0.02848575712143928
2 0.643125 0.9452773613193404 0.02875 0.031484257871064465
2 0.559375 0.4362818590704648 0.06 0.06146926536731634
2 0.534375 0.40554722638680657 0.005 0.005997001499250375
2 0.51875 0.36806596701649175 0.0125 0.010494752623688156
2 0.530625 0.24737631184407796 0.00375 0.008995502248875561
2 0.56625 0.30134932533733133 0.0025 0.005997001499250375
3 0.35 0.7668665667166417 0.0325 0.01649175412293853
3 0.255 0.7758620689655172 0.03 0.022488755622188907
1 0.62625 0.46476761619190404 0.07625 0.1409295352323838
2 0.53 0.3875562218890555 0.00875 0.005997001499250375