3 0.7025 0.45209580838323354 0.02625 0.008982035928143712
3 0.62625 0.4528443113772455 0.0125 0.0074850299401197605
3 0.77125 0.45583832335329344 0.015 0.005988023952095809
3 0.603125 0.4311377245508982 0.00875 0.016467065868263474
3 0.591875 0.3458083832335329 0.005 0.011976047904191617
3 0.58375 0.27694610778443113 0.01 0.014970059880239521
3 0.570625 0.1691616766467066 0.01625 0.019461077844311378
3 0.45375 0.11377245508982035 0.02375 0.016467065868263474
3 0.365 0.11601796407185629 0.01625 0.010479041916167664
2 0.176875 0.18562874251497005 0.005 0.005988023952095809
2 0.226875 0.18787425149700598 0.0075 0.0074850299401197605
2 0.22 0.0845808383233533 0.0075 0.0074850299401197605
3 0.25875 0.16991017964071856 0.01625 0.025449101796407185
2 0.221875 0.656437125748503 0.0075 0.0074850299401197605
3 0.226875 0.5778443113772455 0.01625 0.07035928143712575
3 0.28625 0.5134730538922155 0.01625 0.020958083832335328
3 0.31875 0.8053892215568862 0.01625 0.019461077844311378
3 0.30625 0.6751497005988024 0.02375 0.03293413173652695
3 0.27 0.3383233532934132 0.0225 0.02844311377245509
2 0.1975 0.4161676646706587 0.01 0.010479041916167664
3 0.1925 0.24476047904191617 0.015 0.041916167664670656
3 0.18375 0.08008982035928144 0.0175 0.03592814371257485
2 0.683125 0.2619760479041916 0.0175 0.020958083832335328
2 0.668125 0.16766467065868262 0.02 0.017964071856287425
3 0.703125 0.07784431137724551 0.05375 0.058383233532934134
3 0.623125 0.04790419161676647 0.03375 0.038922155688622756