2 0.188125 0.2926646706586826 0.0225 0.025449101796407185
2 0.4825 0.5718562874251497 0.0175 0.016467065868263474
3 0.47 0.5830838323353293 0.03125 0.0748502994011976
3 0.513125 0.6167664670658682 0.105 0.025449101796407185
1 0.725625 0.2275449101796407 0.12375 0.22305389221556887
0 0.698125 0.3061377245508982 0.02875 0.025449101796407185
0 0.75375 0.23278443113772454 0.035 0.025449101796407185
0 0.725625 0.14221556886227546 0.03125 0.03293413173652695
0 0.679375 0.22230538922155688 0.02625 0.020958083832335328
2 0.711875 0.18712574850299402 0.015 0.019461077844311378
2 0.71 0.25 0.00875 0.014970059880239521
2 0.735625 0.2148203592814371 0.00875 0.014970059880239521
2 0.735 0.2717065868263473 0.0125 0.02245508982035928
2 0.853125 0.27994011976047906 0.00875 0.011976047904191617
2 0.813125 0.14446107784431136 0.01125 0.0074850299401197605
3 0.80875 0.1534431137724551 0.03625 0.019461077844311378
1 0.34125 0.07260479041916168 0.025 0.0718562874251497
1 0.555 0.07410179640718563 0.04625 0.12724550898203593
2 0.550625 0.10104790419161677 0.0075 0.008982035928143712
2 0.3425 0.06437125748502993 0.01 0.008982035928143712
3 0.561875 0.023952095808383235 0.025 0.01347305389221557
2 0.543125 0.125 0.00625 0.005988023952095809
2 0.636875 0.36377245508982037 0.00375 0.004491017964071856
2 0.591875 0.1317365269461078 0.0025 0.004491017964071856
3 0.574375 0.11676646706586827 0.01375 0.03143712574850299
3 0.69625 0.8413173652694611 0.01625 0.04790419161676647
2 0.68 0.7747005988023952 0.005 0.0074850299401197605
2 0.70625 0.7739520958083832 0.0075 0.008982035928143712
3 0.24 0.4962574850299401 0.025 0.09580838323353294
2 0.20125 0.6467065868263473 0.0125 0.010479041916167664