2 0.213125 0.29910044977511246 0.025 0.02848575712143928
2 0.474375 0.5727136431784108 0.02 0.019490254872563718
3 0.46 0.5854572713643178 0.03625 0.08095952023988005
3 0.499375 0.618440779610195 0.11375 0.034482758620689655
1 0.756875 0.22488755622188905 0.14375 0.2353823088455772
0 0.72 0.3028485757121439 0.0325 0.029985007496251874
0 0.786875 0.22563718140929534 0.035 0.02848575712143928
0 0.766875 0.13793103448275862 0.035 0.035982008995502246
0 0.71125 0.21889055472263869 0.03 0.0239880059970015
2 0.748125 0.18290854572713644 0.0175 0.022488755622188907
2 0.738125 0.24587706146926536 0.01125 0.01649175412293853
2 0.768125 0.21064467766116943 0.01125 0.01649175412293853
2 0.760625 0.26761619190404795 0.015 0.025487256371814093
2 0.878125 0.27436281859070466 0.01125 0.01199400299850075
2 0.853125 0.13793103448275862 0.0125 0.008995502248875561
3 0.84875 0.14767616191904048 0.04 0.022488755622188907
1 0.3925 0.07571214392803598 0.03 0.07646176911544228
1 0.605 0.0727136431784108 0.05625 0.13193403298350825
2 0.598125 0.10044977511244378 0.0075 0.008995502248875561
2 0.39375 0.06671664167916042 0.01125 0.010494752623688156
3 0.6175 0.022488755622188907 0.02875 0.01649175412293853
2 0.586875 0.12368815592203898 0.00625 0.005997001499250375
2 0.653125 0.36281859070464767 0.00375 0.004497751124437781
2 0.635 0.12968515742128936 0.0025 0.004497751124437781
3 0.61875 0.11619190404797601 0.01625 0.03298350824587706
3 0.655 0.8403298350824587 0.01875 0.050974512743628186
2 0.64625 0.7736131934032984 0.005 0.0074962518740629685
2 0.673125 0.7713643178410795 0.0075 0.008995502248875561
3 0.24125 0.5014992503748126 0.03125 0.09895052473763119
2 0.185 0.6521739130434783 0.01375 0.01199400299850075