0 0.428125 0.3061377245508982 0.025 0.03143712574850299
2 0.3925 0.31961077844311375 0.02125 0.017964071856287425
0 0.35125 0.3203592814371258 0.025 0.02844311377245509
2 0.408125 0.35778443113772457 0.01125 0.011976047904191617
0 0.425625 0.3847305389221557 0.025 0.02844311377245509
2 0.173125 0.8083832335329342 0.01125 0.01347305389221557
2 0.133125 0.7971556886227545 0.00875 0.01347305389221557
3 0.778125 0.6908682634730539 0.015 0.07335329341317365
2 0.809375 0.7020958083832335 0.0125 0.01347305389221557
3 0.825625 0.7095808383233533 0.0175 0.07634730538922156
2 0.441875 0.35104790419161674 0.00375 0.005988023952095809
3 0.48625 0.3398203592814371 0.01125 0.041916167664670656
3 0.67125 0.3106287425149701 0.02 0.0374251497005988
3 0.195 0.5037425149700598 0.04 0.09580838323353294
2 0.20125 0.49850299401197606 0.03 0.023952095808383235
2 0.39125 0.26047904191616766 0.0425 0.038922155688622756
3 0.201875 0.7896706586826348 0.0125 0.016467065868263474
3 0.134375 0.8720059880239521 0.025 0.05089820359281437
3 0.785 0.7432634730538922 0.11625 0.02245508982035928
2 0.37 0.0718562874251497 0.06375 0.0688622754491018
3 0.455 0.2597305389221557 0.0175 0.03143712574850299
3 0.456875 0.20508982035928144 0.015 0.02844311377245509
3 0.45875 0.15718562874251496 0.01125 0.02694610778443114
2 0.626875 0.125 0.01 0.010479041916167664
2 0.695625 0.8076347305389222 0.02875 0.025449101796407185
2 0.709375 0.9648203592814372 0.0275 0.02844311377245509
2 0.551875 0.4416167664670659 0.05875 0.05538922155688623
2 0.52125 0.40793413173652693 0.005 0.005988023952095809
2 0.515 0.3929640718562874 0.005 0.005988023952095809
2 0.499375 0.36826347305389223 0.0125 0.008982035928143712
2 0.49375 0.24775449101796407 0.00375 0.008982035928143712
2 0.54 0.3068862275449102 0.0025 0.005988023952095809
3 0.38625 0.7514970059880239 0.0325 0.011976047904191617
3 0.2925 0.749251497005988 0.02875 0.019461077844311378
1 0.6225 0.4782934131736527 0.07 0.13023952095808383