0 0.021875 0.6199400299850075 0.04375 0.049475262368815595
2 0.521875 0.487256371814093 0.0425 0.043478260869565216
3 0.424375 0.6611694152923538 0.035 0.15142428785607195
3 0.55375 0.6724137931034483 0.06125 0.13343328335832083
2 0.8225 0.7466266866566716 0.01875 0.019490254872563718
2 0.2425 0.22863568215892055 0.015 0.01199400299850075
2 0.27625 0.17616191904047976 0.01875 0.013493253373313344
2 0.431875 0.13793103448275862 0.00875 0.008995502248875561
2 0.505625 0.17091454272863568 0.0075 0.0074962518740629685
2 0.503125 0.20239880059970014 0.00875 0.004497751124437781
1 0.506875 0.13943028485757122 0.0475 0.15142428785607195
0 0.5175 0.07496251874062969 0.01875 0.01649175412293853
1 0.433125 0.10269865067466268 0.04 0.09895052473763119
1 0.35375 0.18140929535232383 0.07625 0.053973013493253376
2 0.36125 0.18290854572713644 0.0175 0.013493253373313344
2 0.34375 0.23238380809595202 0.0125 0.008995502248875561
2 0.323125 0.27436281859070466 0.0125 0.010494752623688156
2 0.223125 0.27886056971514245 0.01375 0.010494752623688156
2 0.209375 0.3020989505247376 0.0175 0.01199400299850075
0 0.3675 0.03823088455772114 0.03125 0.0239880059970015
0 0.226875 0.03823088455772114 0.03 0.025487256371814093
2 0.176875 0.3320839580209895 0.01875 0.013493253373313344
2 0.128125 0.41529235382308843 0.02125 0.017991004497751123
0 0.203125 0.38980509745127434 0.02875 0.029985007496251874
0 0.264375 0.27511244377811095 0.02875 0.031484257871064465
2 0.184375 0.4745127436281859 0.01875 0.0239880059970015
2 0.5525 0.29535232383808097 0.03375 0.026986506746626688
2 0.584375 0.10794602698650675 0.02 0.01199400299850075
2 0.591875 0.05847076461769116 0.0125 0.0074962518740629685
2 0.938125 0.30134932533733133 0.02625 0.019490254872563718
2 0.73375 0.021739130434782608 0.00875 0.0074962518740629685
1 0.774375 0.25787106446776614 0.0525 0.0704647676161919
2 0.77875 0.24287856071964017 0.01375 0.010494752623688156
2 0.0775 0.09295352323838081 0.02 0.020989505247376312
2 0.3375 0.09820089955022489 0.00875 0.008995502248875561
2 0.326875 0.11169415292353824 0.01 0.0074962518740629685
2 0.35875 0.09970014992503748 0.09875 0.0704647676161919
2 0.304375 0.8500749625187406 0.0175 0.008995502248875561