0 0.055 0.6349325337331334 0.04875 0.049475262368815595
2 0.51875 0.48650674662668664 0.04 0.046476761619190406
3 0.47 0.6619190404797601 0.03 0.15742128935532235
3 0.60125 0.6701649175412294 0.05625 0.13943028485757122
2 0.888125 0.7361319340329835 0.01625 0.019490254872563718
2 0.17 0.2376311844077961 0.015 0.010494752623688156
2 0.188125 0.18440779610194902 0.0175 0.01199400299850075
2 0.33125 0.1409295352323838 0.00875 0.008995502248875561
2 0.41375 0.17166416791604197 0.00625 0.0074962518740629685
2 0.419375 0.20314842578710646 0.00875 0.004497751124437781
1 0.4075 0.1409295352323838 0.0425 0.15742128935532235
0 0.39875 0.07646176911544228 0.01625 0.01649175412293853
1 0.323125 0.10644677661169415 0.035 0.10194902548725637
1 0.266875 0.1874062968515742 0.0725 0.053973013493253376
2 0.274375 0.18815592203898052 0.01625 0.01199400299850075
2 0.27 0.2383808095952024 0.0125 0.008995502248875561
2 0.263125 0.280359820089955 0.0125 0.010494752623688156
2 0.164375 0.2886056971514243 0.01375 0.008995502248875561
2 0.15625 0.3110944527736132 0.01625 0.010494752623688156
0 0.24 0.043478260869565216 0.02875 0.0239880059970015
0 0.10125 0.047976011994003 0.0275 0.025487256371814093
2 0.134375 0.34182908545727136 0.0175 0.01199400299850075
2 0.108125 0.42653673163418293 0.01875 0.017991004497751123
0 0.17625 0.3995502248875562 0.02625 0.029985007496251874
0 0.204375 0.28335832083958024 0.02625 0.031484257871064465
2 0.18 0.48500749625187406 0.01625 0.0239880059970015
2 0.495625 0.29535232383808097 0.03125 0.026986506746626688
2 0.474375 0.10644677661169415 0.01875 0.010494752623688156
2 0.4675 0.05697151424287856 0.0125 0.0074962518740629685
2 0.878125 0.2886056971514243 0.025 0.019490254872563718
2 0.598125 0.01649175412293853 0.00875 0.0074962518740629685
1 0.705 0.25037481259370314 0.04875 0.07196401799100449
2 0.70375 0.2353823088455772 0.01375 0.008995502248875561
2 0.226875 0.10569715142428786 0.00875 0.008995502248875561
2 0.220625 0.1176911544227886 0.01 0.0074962518740629685
2 0.248125 0.10494752623688156 0.09375 0.0704647676161919
2 0.40375 0.8545727136431784 0.01625 0.0074962518740629685