0 0.454375 0.3095952023988006 0.025 0.03298350824587706
2 0.415625 0.3238380809595202 0.0225 0.019490254872563718
0 0.375 0.32608695652173914 0.025 0.029985007496251874
2 0.42625 0.3620689655172414 0.01125 0.01199400299850075
0 0.44125 0.3875562218890555 0.025 0.029985007496251874
2 0.13 0.8245877061469266 0.01125 0.013493253373313344
2 0.090625 0.8148425787106447 0.0075 0.013493253373313344
3 0.751875 0.6806596701649176 0.0175 0.0734632683658171
2 0.7825 0.6911544227886057 0.0125 0.013493253373313344
3 0.79625 0.697151424287856 0.02 0.07796101949025487
2 0.4625 0.3538230884557721 0.00375 0.005997001499250375
3 0.508125 0.3403298350824588 0.0125 0.041979010494752625
3 0.698125 0.3028485757121439 0.02125 0.038980509745127435
3 0.194375 0.5172413793103449 0.04125 0.09745127436281859
2 0.2 0.5119940029985007 0.03125 0.025487256371814093
2 0.424375 0.2646176911544228 0.0425 0.04047976011994003
3 0.160625 0.8043478260869565 0.01375 0.01649175412293853
3 0.08125 0.8898050974512743 0.025 0.05247376311844078
3 0.751875 0.7331334332833583 0.115 0.026986506746626688
2 0.42875 0.07646176911544228 0.065 0.0704647676161919
3 0.488125 0.2608695652173913 0.01875 0.03298350824587706
3 0.496875 0.20614692653673164 0.01625 0.029985007496251874
3 0.505 0.15817091454272864 0.0125 0.026986506746626688
2 0.68 0.1191904047976012 0.01 0.010494752623688156
2 0.653125 0.8020989505247377 0.03 0.026986506746626688
2 0.645 0.95952023988006 0.02875 0.029985007496251874
2 0.56 0.44002998500749624 0.05875 0.05697151424287856
2 0.53375 0.4077961019490255 0.005 0.005997001499250375
2 0.529375 0.39280359820089955 0.005 0.005997001499250375
2 0.518125 0.36806596701649175 0.0125 0.008995502248875561
2 0.52875 0.24812593703148425 0.00375 0.008995502248875561
2 0.566875 0.30509745127436283 0.0025 0.005997001499250375
3 0.35125 0.7578710644677661 0.0325 0.013493253373313344
3 0.2575 0.7593703148425787 0.03 0.020989505247376312
1 0.62625 0.4737631184407796 0.0725 0.13193403298350825