2 0.195625 0.33883058470764615 0.02625 0.02848575712143928
2 0.479375 0.5749625187406296 0.01875 0.017991004497751123
3 0.46625 0.5892053973013494 0.035 0.07946026986506746
3 0.506875 0.6154422788605697 0.11625 0.029985007496251874
1 0.740625 0.19640179910044978 0.13875 0.23088455772113944
0 0.70875 0.27811094452773616 0.0325 0.02848575712143928
0 0.769375 0.19640179910044978 0.03875 0.02848575712143928
0 0.744375 0.11244377811094453 0.035 0.034482758620689655
0 0.694375 0.19790104947526238 0.02875 0.0239880059970015
2 0.729375 0.15817091454272864 0.01625 0.020989505247376312
2 0.72375 0.22113943028485758 0.01 0.01649175412293853
2 0.75125 0.18215892053973012 0.01 0.01649175412293853
2 0.746875 0.2391304347826087 0.015 0.0239880059970015
2 0.866875 0.23163418290854573 0.01 0.01199400299850075
3 0.826875 0.1176911544227886 0.04 0.020989505247376312
1 0.361875 0.09745127436281859 0.02875 0.07646176911544228
1 0.57625 0.06896551724137931 0.05375 0.13043478260869565
2 0.570625 0.095952023988006 0.00875 0.008995502248875561
2 0.3625 0.08770614692653673 0.01125 0.008995502248875561
3 0.58625 0.017241379310344827 0.0275 0.01649175412293853
2 0.56125 0.1199400299850075 0.00625 0.005997001499250375
2 0.644375 0.34557721139430286 0.00375 0.004497751124437781
2 0.610625 0.1191904047976012 0.0025 0.004497751124437781
3 0.59375 0.10794602698650675 0.01625 0.031484257871064465
3 0.680625 0.8140929535232384 0.0175 0.049475262368815595
2 0.6675 0.7496251874062968 0.005 0.0074962518740629685
2 0.69375 0.7436281859070465 0.00875 0.008995502248875561
3 0.238125 0.5344827586206896 0.02875 0.09895052473763119
2 0.1925 0.6881559220389805 0.01375 0.010494752623688156