2 0.73375 0.8667664670658682 0.0525 0.061377245508982034
2 0.3375 0.7859281437125748 0.015 0.016467065868263474
2 0.278125 0.5905688622754491 0.01625 0.019461077844311378
2 0.159375 0.18562874251497005 0.005 0.005988023952095809
2 0.109375 0.18637724550898205 0.03375 0.02844311377245509
2 0.016875 0.1998502994011976 0.03375 0.058383233532934134
1 0.10375 0.3787425149700599 0.0575 0.04341317365269461
1 0.034375 0.5179640718562875 0.05 0.1122754491017964
2 0.03 0.5351796407185628 0.01625 0.016467065868263474
2 0.28125 0.7372754491017964 0.01125 0.01347305389221557
1 0.343125 0.7155688622754491 0.07375 0.11826347305389222
0 0.2825 0.48502994011976047 0.02625 0.020958083832335328
0 0.280625 0.4116766467065868 0.025 0.02245508982035928
0 0.259375 0.3630239520958084 0.02125 0.025449101796407185
1 0.3075 0.13847305389221556 0.0525 0.08832335329341318
2 0.298125 0.1122754491017964 0.00625 0.005988023952095809
2 0.89375 0.3166167664670659 0.01 0.008982035928143712
2 0.874375 0.26646706586826346 0.01125 0.011976047904191617
0 0.85125 0.19535928143712575 0.02 0.025449101796407185
1 0.84875 0.33083832335329344 0.07 0.08682634730538923
0 0.8125 0.27020958083832336 0.02 0.02245508982035928
2 0.67875 0.34655688622754494 0.01125 0.011976047904191617
2 0.695625 0.40793413173652693 0.01125 0.01347305389221557
0 0.909375 0.42889221556886226 0.015 0.019461077844311378
0 0.8925 0.4476047904191617 0.01875 0.019461077844311378
0 0.92375 0.5479041916167665 0.015 0.016467065868263474
0 0.944375 0.530688622754491 0.02 0.023952095808383235
2 0.8975 0.5344311377245509 0.00875 0.0074850299401197605
2 0.906875 0.5576347305389222 0.01 0.01347305389221557
1 0.97375 0.6474550898203593 0.05 0.1062874251497006
2 0.565625 0.3188622754491018 0.00375 0.005988023952095809
2 0.741875 0.5890718562874252 0.01125 0.016467065868263474
2 0.77 0.7005988023952096 0.01125 0.014970059880239521