3 0.704375 0.45952023988005997 0.025 0.008995502248875561
3 0.629375 0.4580209895052474 0.01125 0.0074962518740629685
3 0.774375 0.46551724137931033 0.01375 0.0074962518740629685
3 0.606875 0.43553223388305845 0.00875 0.017991004497751123
3 0.600625 0.35007496251874065 0.005 0.01199400299850075
3 0.596875 0.2811094452773613 0.01 0.01649175412293853
3 0.589375 0.17316341829085458 0.01625 0.022488755622188907
3 0.476875 0.11394302848575712 0.02375 0.017991004497751123
3 0.388125 0.11394302848575712 0.015 0.01199400299850075
2 0.19625 0.17691154422788605 0.005 0.005997001499250375
2 0.24625 0.17991004497751126 0.00625 0.0074962518740629685
2 0.245625 0.07571214392803598 0.00625 0.0074962518740629685
3 0.278125 0.164167916041979 0.015 0.02848575712143928
2 0.213125 0.6484257871064468 0.00625 0.0074962518740629685
3 0.223125 0.5697151424287856 0.015 0.07496251874062969
3 0.286875 0.5067466266866567 0.01625 0.0239880059970015
3 0.300625 0.800599700149925 0.01625 0.022488755622188907
3 0.295 0.6686656671664168 0.0225 0.034482758620689655
3 0.279375 0.3313343328335832 0.02125 0.029985007496251874
2 0.2025 0.4085457271364318 0.00875 0.010494752623688156
2 0.548125 0.14392803598200898 0.00625 0.010494752623688156
3 0.2325 0.7796101949025487 0.01125 0.031484257871064465
2 0.23375 0.7796101949025487 0.005 0.010494752623688156
3 0.10375 0.2848575712143928 0.01125 0.037481259370314844
2 0.1025 0.2863568215892054 0.0075 0.010494752623688156
3 0.211875 0.35907046476761617 0.01125 0.031484257871064465
2 0.210625 0.3583208395802099 0.0075 0.008995502248875561
3 0.20875 0.23613193403298352 0.01375 0.043478260869565216
3 0.20875 0.0704647676161919 0.01625 0.038980509745127435
2 0.6975 0.2683658170914543 0.01875 0.0239880059970015
2 0.688125 0.17466266866566715 0.02 0.020989505247376312
3 0.728125 0.08620689655172414 0.05125 0.06296851574212893
3 0.649375 0.05322338830584707 0.03125 0.04047976011994003