2 0.419375 0.2754491017964072 0.01 0.011976047904191617
2 0.535625 0.2964071856287425 0.0125 0.016467065868263474
2 0.549375 0.36601796407185627 0.01375 0.014970059880239521
2 0.590625 0.5800898203592815 0.02 0.020958083832335328
2 0.6175 0.7208083832335329 0.01625 0.020958083832335328
1 0.333125 0.20434131736526945 0.0325 0.07784431137724551
0 0.703125 0.19461077844311378 0.02 0.02844311377245509
2 0.753125 0.1781437125748503 0.015 0.016467065868263474
2 0.7725 0.23353293413173654 0.015 0.016467065868263474
1 0.73125 0.2522455089820359 0.07125 0.06287425149700598
2 0.71875 0.25299401197604793 0.0075 0.0074850299401197605
0 0.820625 0.5224550898203593 0.02125 0.025449101796407185
0 0.785 0.40194610778443113 0.01875 0.023952095808383235
2 0.7925 0.5082335329341318 0.01625 0.014970059880239521
2 0.79875 0.5336826347305389 0.01125 0.014970059880239521
2 0.759375 0.3091317365269461 0.0125 0.017964071856287425
2 0.730625 0.3068862275449102 0.01125 0.014970059880239521
2 0.724375 0.2844311377245509 0.0075 0.005988023952095809
2 0.3625 0.9640718562874252 0.06125 0.041916167664670656
0 0.725625 0.09431137724550898 0.02875 0.0344311377245509
1 0.41 0.7477544910179641 0.0725 0.08832335329341318
2 0.334375 0.23053892215568864 0.01 0.0074850299401197605
2 0.391875 0.2058383233532934 0.0075 0.0074850299401197605
2 0.411875 0.2118263473053892 0.00625 0.0074850299401197605
1 0.58625 0.15718562874251496 0.05 0.10479041916167664
1 0.6475 0.16392215568862276 0.05375 0.09580838323353294
0 0.94125 0.7702095808383234 0.0475 0.041916167664670656