2 0.73875 0.8517964071856288 0.0525 0.058383233532934134
2 0.343125 0.8001497005988024 0.015 0.014970059880239521
2 0.280625 0.6077844311377245 0.01625 0.017964071856287425
2 0.155 0.2088323353293413 0.005 0.005988023952095809
2 0.10625 0.2125748502994012 0.0325 0.025449101796407185
2 0.015 0.2342814371257485 0.03 0.05538922155688623
1 0.10375 0.40793413173652693 0.05625 0.041916167664670656
1 0.03625 0.5531437125748503 0.04875 0.1062874251497006
2 0.0325 0.5711077844311377 0.01625 0.014970059880239521
2 0.285 0.7552395209580839 0.01125 0.011976047904191617
1 0.34625 0.7297904191616766 0.0725 0.11077844311377245
0 0.28375 0.5014970059880239 0.02625 0.017964071856287425
0 0.28 0.42664670658682635 0.025 0.019461077844311378
0 0.259375 0.38023952095808383 0.02 0.02245508982035928
1 0.3025 0.1504491017964072 0.05 0.08383233532934131
2 0.294375 0.125 0.00625 0.005988023952095809
2 0.889375 0.2851796407185629 0.01 0.008982035928143712
2 0.87 0.2372754491017964 0.01125 0.010479041916167664
0 0.84625 0.16766467065868262 0.01875 0.023952095808383235
1 0.845625 0.3023952095808383 0.06875 0.08083832335329341
0 0.8075 0.24476047904191617 0.02 0.019461077844311378
2 0.675 0.3315868263473054 0.01125 0.010479041916167664
2 0.694375 0.3937125748502994 0.01125 0.011976047904191617
0 0.908125 0.39820359281437123 0.015 0.017964071856287425
0 0.89 0.4184131736526946 0.01875 0.017964071856287425
0 0.9225 0.5164670658682635 0.015 0.014970059880239521
0 0.9425 0.49700598802395207 0.01875 0.02245508982035928
2 0.8975 0.5052395209580839 0.00875 0.0074850299401197605
2 0.90625 0.5261976047904192 0.01 0.011976047904191617
1 0.974375 0.6122754491017964 0.04875 0.10179640718562874
2 0.5625 0.312874251497006 0.00375 0.005988023952095809
2 0.743125 0.5711077844311377 0.01125 0.014970059880239521
2 0.77125 0.6833832335329342 0.01125 0.01347305389221557