0 0.02875 0.6671664167916042 0.04625 0.049475262368815595
2 0.520625 0.48500749625187406 0.03875 0.046476761619190406
3 0.44125 0.6664167916041979 0.03 0.1634182908545727
3 0.5725 0.6649175412293853 0.055 0.1424287856071964
2 0.849375 0.7106446776611695 0.015 0.019490254872563718
2 0.21375 0.25862068965517243 0.01375 0.01199400299850075
2 0.240625 0.20314842578710646 0.01625 0.013493253373313344
2 0.393125 0.14917541229385306 0.0075 0.008995502248875561
2 0.470625 0.17466266866566715 0.00625 0.0074962518740629685
2 0.47125 0.20689655172413793 0.0075 0.004497751124437781
1 0.469375 0.1431784107946027 0.04125 0.1634182908545727
0 0.4725 0.07871064467766117 0.015 0.01649175412293853
1 0.39125 0.11619190404797601 0.035 0.10644677661169415
1 0.31875 0.20014992503748125 0.06875 0.05697151424287856
2 0.32625 0.20164917541229385 0.015 0.013493253373313344
2 0.315 0.25112443778110943 0.01125 0.008995502248875561
2 0.3 0.29535232383808097 0.01125 0.01199400299850075
2 0.19875 0.3095952023988006 0.0125 0.008995502248875561
2 0.188125 0.3343328335832084 0.015 0.01199400299850075
0 0.318125 0.05847076461769116 0.02875 0.025487256371814093
0 0.176875 0.0727136431784108 0.0275 0.026986506746626688
0 0.191875 0.42128935532233885 0.02625 0.03298350824587706
0 0.24 0.3020989505247376 0.02625 0.034482758620689655
2 0.181875 0.5067466266866567 0.01625 0.0239880059970015
2 0.53125 0.29310344827586204 0.03125 0.02848575712143928
2 0.5425 0.10569715142428786 0.01875 0.01199400299850075
2 0.544375 0.05472263868065967 0.01125 0.0074962518740629685
2 0.91625 0.260119940029985 0.02375 0.020989505247376312
2 0.681875 0.005247376311844078 0.0075 0.0074962518740629685
1 0.74875 0.2331334332833583 0.0475 0.07496251874062969
2 0.75375 0.2181409295352324 0.0125 0.008995502248875561
2 0.034375 0.1424287856071964 0.01625 0.020989505247376312
2 0.29375 0.1206896551724138 0.0075 0.008995502248875561
2 0.285 0.13418290854572715 0.00875 0.0074962518740629685
2 0.315 0.1206896551724138 0.09 0.07496251874062969
2 0.341875 0.8650674662668666 0.015 0.0074962518740629685
2 0.119375 0.4550224887556222 0.01875 0.019490254872563718
2 0.159375 0.36656671664167917 0.02 0.0239880059970015