2 0.168125 0.2791916167664671 0.02625 0.02844311377245509
2 0.489375 0.5696107784431138 0.02 0.017964071856287425
3 0.47875 0.5823353293413174 0.03625 0.07934131736526946
3 0.525625 0.6175149700598802 0.1175 0.029940119760479042
1 0.699375 0.23877245508982037 0.14125 0.23053892215568864
0 0.679375 0.31511976047904194 0.03375 0.02844311377245509
0 0.730625 0.24251497005988024 0.03625 0.02694610778443114
0 0.690625 0.1534431137724551 0.03625 0.0344311377245509
0 0.651875 0.23203592814371257 0.02875 0.023952095808383235
2 0.681875 0.19760479041916168 0.01625 0.020958083832335328
2 0.68625 0.26047904191616766 0.01 0.016467065868263474
2 0.70875 0.22679640718562874 0.01 0.016467065868263474
2 0.713125 0.28218562874251496 0.015 0.023952095808383235
2 0.831875 0.29790419161676646 0.01 0.011976047904191617
2 0.778125 0.15793413173652696 0.0125 0.0074850299401197605
3 0.775 0.16841317365269462 0.04 0.020958083832335328
1 0.3 0.06661676646706587 0.02875 0.07634730538922156
1 0.51375 0.07709580838323353 0.05375 0.13023952095808383
2 0.513125 0.10404191616766467 0.00875 0.008982035928143712
2 0.3 0.05763473053892216 0.01125 0.008982035928143712
3 0.51625 0.02619760479041916 0.0275 0.016467065868263474
2 0.5075 0.12724550898203593 0.0075 0.005988023952095809
2 0.62375 0.3712574850299401 0.00375 0.004491017964071856
2 0.555625 0.13547904191616766 0.0025 0.004491017964071856
3 0.5375 0.12125748502994012 0.01625 0.03143712574850299
3 0.72875 0.8510479041916168 0.0175 0.04940119760479042
2 0.705625 0.7829341317365269 0.005 0.0074850299401197605
2 0.731875 0.7829341317365269 0.00875 0.008982035928143712
3 0.24 0.4842814371257485 0.02875 0.09880239520958084
2 0.215625 0.6309880239520959 0.01375 0.010479041916167664