3 0.71375 0.4617691154422789 0.02625 0.0074962518740629685
3 0.6375 0.4587706146926537 0.0125 0.0074962518740629685
3 0.78125 0.46776611694152925 0.015 0.005997001499250375
3 0.62125 0.4362818590704648 0.00875 0.01649175412293853
3 0.6325 0.35082458770614694 0.00625 0.01199400299850075
3 0.64375 0.2818590704647676 0.01 0.014992503748125937
3 0.65875 0.17391304347826086 0.0175 0.019490254872563718
3 0.5575 0.11394302848575712 0.02375 0.014992503748125937
3 0.46875 0.11244377811094453 0.0175 0.010494752623688156
2 0.26375 0.17391304347826086 0.00625 0.005997001499250375
2 0.3125 0.17841079460269865 0.0075 0.0074962518740629685
2 0.33375 0.07496251874062969 0.0075 0.0074962518740629685
3 0.34875 0.1619190404797601 0.015 0.025487256371814093
2 0.18125 0.6446776611694153 0.0075 0.0074962518740629685
3 0.2075 0.5667166416791605 0.01375 0.0704647676161919
3 0.28375 0.5052473763118441 0.0175 0.020989505247376312
3 0.2375 0.7976011994002998 0.0175 0.019490254872563718
3 0.26 0.6671664167916042 0.0225 0.031484257871064465
3 0.315 0.32983508245877063 0.02125 0.026986506746626688
2 0.22125 0.4047976011994003 0.01 0.010494752623688156
3 0.1725 0.7766116941529235 0.01125 0.029985007496251874
2 0.17375 0.7766116941529235 0.00625 0.010494752623688156
3 0.14625 0.28335832083958024 0.01375 0.044977511244377814
3 0.24125 0.3568215892053973 0.01125 0.029985007496251874
3 0.26375 0.23388305847076463 0.01375 0.041979010494752625
3 0.29875 0.06896551724137931 0.0175 0.035982008995502246
2 0.74625 0.27136431784107945 0.01875 0.020989505247376312
2 0.7575 0.17691154422788605 0.02 0.017991004497751123
3 0.81625 0.08845577211394302 0.05375 0.05697151424287856
3 0.74375 0.05547226386806597 0.0325 0.037481259370314844