0 0.131875 0.033682634730538924 0.035 0.038922155688622756
2 0.126875 0.1220059880239521 0.01375 0.014970059880239521
2 0.120625 0.18562874251497005 0.015 0.014970059880239521
1 0.195 0.6384730538922155 0.035 0.04640718562874251
2 0.166875 0.625748502994012 0.0425 0.14221556886227546
0 0.17875 0.4723053892215569 0.0325 0.023952095808383235
0 0.19875 0.49550898203592814 0.0275 0.020958083832335328
0 0.539375 0.20209580838323354 0.01625 0.03143712574850299
2 0.54625 0.26497005988023953 0.01125 0.011976047904191617
2 0.5575 0.3398203592814371 0.015 0.017964071856287425
2 0.591875 0.5643712574850299 0.01625 0.019461077844311378
2 0.613125 0.7163173652694611 0.015 0.016467065868263474
2 0.456875 0.09730538922155689 0.02625 0.02245508982035928
2 0.4625 0.15568862275449102 0.02125 0.019461077844311378
2 0.61125 0.1631736526946108 0.02 0.016467065868263474
2 0.616875 0.1122754491017964 0.02125 0.017964071856287425
2 0.168125 0.19760479041916168 0.03875 0.12125748502994012
2 0.1975 0.08008982035928144 0.07125 0.04640718562874251
1 0.75625 0.43488023952095806 0.03375 0.07035928143712575
0 0.1825 0.33083832335329344 0.02375 0.019461077844311378
0 0.315 0.1407185628742515 0.025 0.02245508982035928
0 0.824375 0.5711077844311377 0.025 0.029940119760479042
2 0.815 0.530688622754491 0.015 0.016467065868263474
2 0.533125 0.12275449101796407 0.105 0.0718562874251497
2 0.196875 0.6339820359281437 0.0125 0.010479041916167664
2 0.14625 0.5029940119760479 0.01375 0.019461077844311378
3 0.695625 0.19311377245508982 0.02 0.02245508982035928
3 0.70625 0.16691616766467066 0.02 0.017964071856287425
3 0.715625 0.13547904191616766 0.01625 0.025449101796407185
0 0.731875 0.1968562874251497 0.0125 0.020958083832335328