3 0.708125 0.4325337331334333 0.02375 0.008995502248875561
3 0.631875 0.44002998500749624 0.01125 0.0074962518740629685
3 0.776875 0.4280359820089955 0.01375 0.0074962518740629685
3 0.610625 0.4205397301349325 0.00875 0.017991004497751123
3 0.609375 0.3350824587706147 0.005 0.013493253373313344
3 0.609375 0.2661169415292354 0.01 0.01649175412293853
3 0.608125 0.15967016491754124 0.01625 0.022488755622188907
3 0.498125 0.11544227886056972 0.0225 0.017991004497751123
3 0.409375 0.12593703148425786 0.015 0.013493253373313344
2 0.21375 0.2158920539730135 0.005 0.005997001499250375
2 0.26375 0.2128935532233883 0.00625 0.0074962518740629685
2 0.268125 0.10869565217391304 0.00625 0.0074962518740629685
3 0.296875 0.1911544227886057 0.015 0.02848575712143928
2 0.204375 0.6874062968515742 0.00625 0.0074962518740629685
3 0.218125 0.6071964017991005 0.015 0.07646176911544228
3 0.285625 0.5352323838080959 0.01625 0.0239880059970015
3 0.283125 0.8275862068965517 0.01625 0.022488755622188907
3 0.285 0.697151424287856 0.02125 0.035982008995502246
3 0.288125 0.3598200899550225 0.02 0.031484257871064465
2 0.20625 0.44752623688155924 0.00875 0.01199400299850075
2 0.568125 0.136431784107946 0.00625 0.01199400299850075
3 0.21625 0.8170914542728636 0.01125 0.03298350824587706
2 0.2175 0.8170914542728636 0.005 0.01199400299850075
3 0.115 0.3373313343328336 0.01125 0.038980509745127435
2 0.11375 0.33883058470764615 0.0075 0.01199400299850075
3 0.219375 0.39655172413793105 0.01125 0.03298350824587706
2 0.218125 0.39580209895052476 0.0075 0.008995502248875561
3 0.2225 0.27361319340329837 0.01375 0.044977511244377814
3 0.23125 0.10794602698650675 0.01625 0.04047976011994003
2 0.71125 0.2413793103448276 0.0175 0.0239880059970015
2 0.706875 0.14767616191904048 0.01875 0.020989505247376312
3 0.751875 0.05322338830584707 0.05125 0.06446776611694154
3 0.675625 0.03073463268365817 0.03 0.041979010494752625