0 0.45625 0.3058470764617691 0.02375 0.031484257871064465
2 0.4175 0.31784107946026985 0.02125 0.017991004497751123
0 0.37625 0.31784107946026985 0.02375 0.02848575712143928
2 0.4275 0.3568215892053973 0.01 0.01199400299850075
0 0.44125 0.383808095952024 0.02375 0.02848575712143928
2 0.12875 0.8020989505247377 0.01 0.013493253373313344
2 0.09 0.7901049475262368 0.0075 0.013493253373313344
3 0.75 0.697151424287856 0.0125 0.0734632683658171
2 0.78 0.7091454272863568 0.01125 0.013493253373313344
3 0.795 0.7166416791604198 0.015 0.07646176911544228
2 0.4625 0.35082458770614694 0.00375 0.005997001499250375
3 0.51 0.3403298350824588 0.01 0.041979010494752625
3 0.6975 0.3148425787106447 0.02 0.037481259370314844
3 0.195 0.49775112443778113 0.03625 0.095952023988006
2 0.20125 0.49325337331334335 0.02875 0.0239880059970015
2 0.42625 0.2593703148425787 0.04 0.037481259370314844
3 0.16 0.7841079460269865 0.01125 0.01649175412293853
3 0.08 0.8650674662668666 0.0225 0.050974512743628186
3 0.75 0.7496251874062968 0.11 0.020989505247376312
2 0.4325 0.0704647676161919 0.06 0.06746626686656672
3 0.49 0.2593703148425787 0.01625 0.031484257871064465
3 0.5 0.20539730134932535 0.01375 0.02848575712143928
3 0.5075 0.15742128935532235 0.01 0.026986506746626688
2 0.68125 0.12893553223388307 0.00875 0.010494752623688156
2 0.65125 0.8125937031484258 0.0275 0.025487256371814093
2 0.64125 0.9700149925037481 0.02625 0.02848575712143928
2 0.56 0.44377811094452774 0.055 0.053973013493253376
2 0.51875 0.36881559220389803 0.01125 0.008995502248875561
2 0.5675 0.30884557721139433 0.0025 0.005997001499250375
3 0.35 0.7496251874062968 0.03125 0.01199400299850075
3 0.25625 0.7451274362818591 0.0275 0.019490254872563718
1 0.62625 0.48125937031484256 0.065 0.12893553223388307
2 0.52875 0.391304347826087 0.00875 0.008995502248875561
2 0.53625 0.40929535232383807 0.00875 0.0074962518740629685