0 0.13 0.020209580838323353 0.0375 0.040419161676646706
2 0.124375 0.10553892215568862 0.01375 0.016467065868263474
2 0.11875 0.16991017964071856 0.015 0.016467065868263474
1 0.195625 0.624251497005988 0.035 0.04940119760479042
2 0.16625 0.6100299401197605 0.045 0.14820359281437126
0 0.178125 0.45808383233532934 0.03375 0.02694610778443114
0 0.19875 0.47979041916167664 0.02875 0.023952095808383235
0 0.53875 0.20658682634730538 0.01875 0.03143712574850299
2 0.545625 0.2694610778443114 0.01125 0.011976047904191617
2 0.55625 0.344311377245509 0.015 0.019461077844311378
2 0.591875 0.5696107784431138 0.0175 0.020958083832335328
2 0.61375 0.719311377245509 0.015 0.017964071856287425
2 0.455625 0.09730538922155689 0.02875 0.025449101796407185
2 0.46125 0.15568862275449102 0.02125 0.02245508982035928
2 0.61 0.1691616766467066 0.02 0.017964071856287425
2 0.61625 0.12050898203592815 0.02125 0.020958083832335328
2 0.16625 0.18338323353293412 0.0425 0.12574850299401197
2 0.195625 0.0688622754491018 0.07375 0.04940119760479042
1 0.755625 0.4468562874251497 0.035 0.0748502994011976
0 0.18125 0.31511976047904194 0.02375 0.02245508982035928
0 0.314375 0.1347305389221557 0.02625 0.025449101796407185
0 0.824375 0.5853293413173652 0.02625 0.03143712574850299
2 0.815625 0.5441616766467066 0.015 0.017964071856287425
2 0.5325 0.12724550898203593 0.10875 0.07784431137724551
2 0.195625 0.6197604790419161 0.0125 0.010479041916167664
2 0.145625 0.48502994011976047 0.01375 0.020958083832335328
3 0.695625 0.20434131736526945 0.02125 0.023952095808383235
3 0.705 0.17964071856287425 0.02 0.019461077844311378
3 0.714375 0.1467065868263473 0.01875 0.02694610778443114
0 0.73125 0.21032934131736528 0.0125 0.02245508982035928