2 0.199375 0.32233883058470764 0.02625 0.026986506746626688
2 0.476875 0.5734632683658171 0.02 0.01649175412293853
3 0.46375 0.5877061469265368 0.03625 0.07496251874062969
3 0.505625 0.6169415292353823 0.1175 0.02848575712143928
1 0.745625 0.20839580209895053 0.14125 0.21889055472263869
0 0.7125 0.2886056971514243 0.03375 0.026986506746626688
0 0.776875 0.20839580209895053 0.03625 0.025487256371814093
0 0.751875 0.12293853073463268 0.03625 0.03298350824587706
0 0.699375 0.20689655172413793 0.02875 0.022488755622188907
2 0.734375 0.1686656671664168 0.01625 0.019490254872563718
2 0.72875 0.23163418290854573 0.01 0.014992503748125937
2 0.75625 0.19415292353823088 0.01 0.014992503748125937
2 0.751875 0.25112443778110943 0.015 0.022488755622188907
2 0.870625 0.24962518740629686 0.01 0.01199400299850075
2 0.83875 0.11619190404797601 0.0125 0.0074962518740629685
3 0.834375 0.12668665667166418 0.04 0.019490254872563718
1 0.369375 0.08845577211394302 0.02875 0.07196401799100449
1 0.58375 0.0704647676161919 0.05375 0.12443778110944528
2 0.578125 0.09745127436281859 0.00875 0.008995502248875561
2 0.37 0.07871064467766117 0.01125 0.008995502248875561
3 0.595 0.018740629685157422 0.0275 0.014992503748125937
2 0.56875 0.12143928035982009 0.0075 0.005997001499250375
2 0.646875 0.3530734632683658 0.00375 0.004497751124437781
2 0.616875 0.12368815592203898 0.0025 0.004497751124437781
3 0.60125 0.11094452773613193 0.01625 0.029985007496251874
3 0.674375 0.8245877061469266 0.0175 0.046476761619190406
2 0.6625 0.760119940029985 0.005 0.0074962518740629685
2 0.68875 0.7556221889055472 0.00875 0.008995502248875561
3 0.238125 0.5209895052473763 0.02875 0.0944527736131934
2 0.19 0.6731634182908546 0.01375 0.010494752623688156