0 0.198125 0.10644677661169415 0.0375 0.043478260869565216
2 0.18 0.1956521739130435 0.015 0.017991004497751123
2 0.16375 0.2623688155922039 0.01625 0.017991004497751123
1 0.17125 0.7053973013493253 0.03625 0.05247376311844078
2 0.144375 0.6986506746626686 0.04875 0.15442278860569716
0 0.18 0.5412293853073463 0.03375 0.02848575712143928
0 0.19625 0.5592203898050975 0.02875 0.0239880059970015
0 0.585 0.1896551724137931 0.0175 0.034482758620689655
2 0.5825 0.25262368815592207 0.0125 0.014992503748125937
2 0.581875 0.3268365817091454 0.01625 0.020989505247376312
2 0.581875 0.5472263868065967 0.0175 0.022488755622188907
2 0.581875 0.6949025487256372 0.01625 0.019490254872563718
2 0.518125 0.10044977511244378 0.0275 0.025487256371814093
2 0.51375 0.15892053973013492 0.0225 0.022488755622188907
2 0.663125 0.13418290854572715 0.02125 0.019490254872563718
2 0.676875 0.08245877061469266 0.0225 0.020989505247376312
2 0.20875 0.2631184407796102 0.045 0.13043478260869565
2 0.256875 0.1386806596701649 0.07375 0.05247376311844078
1 0.76875 0.3800599700149925 0.03625 0.07646176911544228
0 0.204375 0.39580209895052476 0.025 0.022488755622188907
0 0.3675 0.17541229385307347 0.02625 0.025487256371814093
0 0.81625 0.5037481259370314 0.02625 0.03298350824587706
2 0.81375 0.46401799100449775 0.01625 0.019490254872563718
2 0.59 0.11019490254872563 0.10875 0.08245877061469266
2 0.171875 0.7008995502248876 0.0125 0.013493253373313344
2 0.141875 0.5787106446776612 0.015 0.022488755622188907
3 0.745 0.14842578710644677 0.02125 0.025487256371814093
3 0.758125 0.1184407796101949 0.02125 0.020989505247376312
3 0.7725 0.08470764617691154 0.0175 0.02848575712143928
0 0.78125 0.14392803598200898 0.01375 0.0239880059970015