0 0.465 0.30434782608695654 0.025 0.034482758620689655
2 0.426875 0.3140929535232384 0.0225 0.019490254872563718
0 0.385625 0.31259370314842577 0.025 0.031484257871064465
2 0.43375 0.3538230884557721 0.01 0.01199400299850075
0 0.4475 0.3815592203898051 0.025 0.031484257871064465
2 0.1175 0.7893553223388305 0.01 0.013493253373313344
2 0.079375 0.775112443778111 0.0075 0.013493253373313344
3 0.74125 0.7068965517241379 0.01625 0.07496251874062969
2 0.769375 0.719640179910045 0.01125 0.013493253373313344
3 0.78375 0.7278860569715142 0.02 0.07946026986506746
2 0.469375 0.35007496251874065 0.00375 0.005997001499250375
3 0.516875 0.3410794602698651 0.01125 0.043478260869565216
3 0.705625 0.32083958020989506 0.02125 0.04047976011994003
3 0.196875 0.48575712143928035 0.04 0.10044977511244378
2 0.203125 0.48200899550224885 0.03 0.025487256371814093
2 0.436875 0.2563718140929535 0.04125 0.041979010494752625
3 0.148125 0.7721139430284858 0.0125 0.01649175412293853
3 0.065625 0.8508245877061469 0.025 0.053973013493253376
3 0.7375 0.7593703148425787 0.11125 0.026986506746626688
2 0.45125 0.06746626686656672 0.0625 0.07196401799100449
3 0.500625 0.25862068965517243 0.01875 0.034482758620689655
3 0.513125 0.20539730134932535 0.015 0.031484257871064465
3 0.5225 0.15742128935532235 0.01125 0.026986506746626688
2 0.6975 0.13568215892053972 0.00875 0.010494752623688156
2 0.63625 0.8178410794602698 0.02875 0.026986506746626688
2 0.620625 0.9760119940029985 0.0275 0.031484257871064465
2 0.5625 0.4460269865067466 0.0575 0.05847076461769116
2 0.53875 0.41004497751124436 0.005 0.005997001499250375
2 0.534375 0.39430284857571213 0.005 0.005997001499250375
2 0.524375 0.3695652173913043 0.01125 0.008995502248875561
2 0.540625 0.24887556221889057 0.00375 0.008995502248875561
2 0.575625 0.3110944527736132 0.0025 0.005997001499250375
3 0.339375 0.7451274362818591 0.03125 0.013493253373313344
3 0.245625 0.7361319340329835 0.02875 0.020989505247376312
1 0.625625 0.48650674662668664 0.07 0.13493253373313344