2 0.448125 0.2818590704647676 0.00875 0.010494752623688156
2 0.561875 0.2908545727136432 0.0125 0.014992503748125937
2 0.566875 0.3605697151424288 0.01375 0.013493253373313344
2 0.581875 0.5704647676161919 0.02 0.019490254872563718
2 0.58875 0.7113943028485757 0.01625 0.019490254872563718
1 0.370625 0.22113943028485758 0.03125 0.0734632683658171
0 0.744375 0.17091454272863568 0.02 0.026986506746626688
2 0.796875 0.14842578710644677 0.015 0.014992503748125937
2 0.81 0.20239880059970014 0.015 0.014992503748125937
1 0.76625 0.22713643178410794 0.07 0.05997001499250375
2 0.75375 0.22788605697151423 0.0075 0.0074962518740629685
0 0.820625 0.48875562218890556 0.02125 0.0239880059970015
0 0.8 0.37106446776611696 0.01875 0.022488755622188907
2 0.795 0.4775112443778111 0.01625 0.013493253373313344
2 0.7975 0.5029985007496252 0.01 0.013493253373313344
2 0.786875 0.27961019490254874 0.0125 0.01649175412293853
2 0.758125 0.2818590704647676 0.01 0.013493253373313344
2 0.754375 0.2593703148425787 0.0075 0.005997001499250375
2 0.30125 0.9805097451274363 0.0625 0.035982008995502246
0 0.780625 0.06596701649175413 0.0275 0.03298350824587706
1 0.3775 0.7608695652173914 0.07125 0.08395802098950525
2 0.366875 0.24737631184407796 0.00875 0.0074962518740629685
2 0.429375 0.2166416791604198 0.0075 0.0074962518740629685
2 0.449375 0.21964017991004497 0.00625 0.0074962518740629685
1 0.6325 0.1454272863568216 0.04875 0.10044977511244378
1 0.69375 0.14617691154422788 0.0525 0.09145427286356822
0 0.91 0.724887556221889 0.04625 0.04047976011994003