2 0.444375 0.27061469265367316 0.01 0.010494752623688156
2 0.559375 0.30434782608695654 0.0125 0.014992503748125937
2 0.565 0.3748125937031484 0.01375 0.013493253373313344
2 0.5825 0.5884557721139431 0.02 0.019490254872563718
2 0.593125 0.7308845577211395 0.01625 0.019490254872563718
1 0.36625 0.1926536731634183 0.0325 0.0734632683658171
0 0.740625 0.22488755622188905 0.02 0.026986506746626688
2 0.794375 0.2143928035982009 0.015 0.014992503748125937
2 0.806875 0.27061469265367316 0.015 0.014992503748125937
1 0.76375 0.2856071964017991 0.07125 0.05997001499250375
2 0.75125 0.2841079460269865 0.0075 0.0074962518740629685
0 0.82125 0.56071964017991 0.02125 0.0239880059970015
0 0.8 0.4362818590704648 0.01875 0.022488755622188907
2 0.795 0.5419790104947526 0.01625 0.013493253373313344
2 0.79875 0.5674662668665668 0.01125 0.013493253373313344
2 0.785625 0.34257871064467765 0.0125 0.01649175412293853
2 0.756875 0.33883058470764615 0.01125 0.013493253373313344
2 0.753125 0.315592203898051 0.0075 0.005997001499250375
2 0.305625 0.9490254872563718 0.06 0.05847076461769116
0 0.776875 0.12818590704647675 0.02875 0.03298350824587706
1 0.379375 0.7338830584707646 0.0725 0.08395802098950525
2 0.36375 0.21739130434782608 0.01 0.0074962518740629685
2 0.425 0.20014992503748125 0.0075 0.0074962518740629685
2 0.445625 0.20764617691154422 0.00625 0.0074962518740629685
1 0.626875 0.17541229385307347 0.05 0.10044977511244378
1 0.68875 0.1896551724137931 0.05375 0.09145427286356822
0 0.914375 0.8163418290854573 0.0475 0.04047976011994003