2 0.33875 0.6551724137931034 0.05125 0.06146926536731634
2 0.4825 0.671664167916042 0.0325 0.03298350824587706
0 0.91875 0.5922038980509745 0.05875 0.049475262368815595
2 0.135 0.8395802098950524 0.20375 0.07796101949025487
0 0.02375 0.6206896551724138 0.0475 0.09295352323838081
2 0.37625 0.48575712143928035 0.035 0.035982008995502246
2 0.425 0.29685157421289354 0.0275 0.0239880059970015
2 0.875 0.42278860569715143 0.02 0.022488755622188907
2 0.85 0.3328335832083958 0.02125 0.0239880059970015
2 0.81 0.1934032983508246 0.01375 0.01199400299850075
2 0.79375 0.1454272863568216 0.015 0.01649175412293853
0 0.75125 0.019490254872563718 0.0325 0.019490254872563718
0 0.90125 0.019490254872563718 0.025 0.026986506746626688
2 0.9325 0.08095952023988005 0.015 0.008995502248875561
2 0.94125 0.09745127436281859 0.01375 0.005997001499250375
2 0.98875 0.16041979010494753 0.01375 0.010494752623688156
2 0.475 0.10494752623688156 0.025 0.017991004497751123
2 0.4875 0.05847076461769116 0.01375 0.01199400299850075
2 0.55625 0.035982008995502246 0.02125 0.010494752623688156
2 0.4425 0.046476761619190406 0.02625 0.013493253373313344
2 0.41125 0.09895052473763119 0.02375 0.0239880059970015
2 0.41375 0.1724137931034483 0.02125 0.0239880059970015
2 0.565 0.16041979010494753 0.02375 0.0239880059970015
2 0.57625 0.08395802098950525 0.02 0.019490254872563718
2 0.38875 0.1874062968515742 0.01 0.010494752623688156
3 0.315 0.13493253373313344 0.0175 0.02848575712143928
3 0.31875 0.17691154422788605 0.01375 0.02848575712143928
3 0.32125 0.2158920539730135 0.01375 0.02848575712143928
1 0.22625 0.3073463268365817 0.06 0.12593703148425786
2 0.1925 0.5052473763118441 0.01125 0.019490254872563718
0 0.30125 0.06146926536731634 0.025 0.0239880059970015
2 0.71875 0.095952023988006 0.01125 0.01649175412293853
2 0.71625 0.11694152923538231 0.015 0.013493253373313344
2 0.37 0.8575712143928036 0.02 0.01649175412293853
2 0.73625 0.8380809595202399 0.0175 0.019490254872563718
0 0.4925 0.029985007496251874 0.025 0.019490254872563718
2 0.83125 0.08245877061469266 0.07375 0.08545727136431784
2 0.94625 0.46476761619190404 0.02 0.022488755622188907
0 0.17625 0.5472263868065967 0.02875 0.037481259370314844