0 0.414375 0.30509745127436283 0.0275 0.034482758620689655
2 0.38 0.31709145427286356 0.0225 0.020989505247376312
0 0.33875 0.315592203898051 0.0275 0.031484257871064465
2 0.396875 0.3553223388305847 0.01125 0.01199400299850075
0 0.418125 0.383808095952024 0.0275 0.031484257871064465
2 0.19625 0.7991004497751124 0.01125 0.013493253373313344
2 0.155 0.7856071964017991 0.00875 0.013493253373313344
3 0.790625 0.699400299850075 0.0175 0.07796101949025487
2 0.821875 0.712143928035982 0.0125 0.013493253373313344
3 0.83875 0.7203898050974513 0.02 0.08095952023988005
2 0.430625 0.3493253373313343 0.00375 0.005997001499250375
3 0.475625 0.3403298350824588 0.0125 0.043478260869565216
3 0.656875 0.31709145427286356 0.0225 0.04047976011994003
3 0.19625 0.49400299850074963 0.0425 0.10194902548725637
2 0.2025 0.48950524737631185 0.0325 0.026986506746626688
2 0.375625 0.25862068965517243 0.04625 0.04047976011994003
3 0.2225 0.7811094452773614 0.0125 0.017991004497751123
3 0.160625 0.8605697151424287 0.02625 0.05547226386806597
3 0.800625 0.7518740629685158 0.1225 0.026986506746626688
2 0.34125 0.06971514242878561 0.06875 0.07496251874062969
3 0.439375 0.25862068965517243 0.02 0.03298350824587706
3 0.43625 0.20464767616191903 0.0175 0.029985007496251874
3 0.43375 0.15667166416791603 0.0125 0.02848575712143928
2 0.600625 0.13118440779610194 0.01 0.010494752623688156
2 0.71625 0.8148425787106447 0.03125 0.02848575712143928
2 0.74125 0.972263868065967 0.03 0.031484257871064465
2 0.546875 0.444527736131934 0.06125 0.05847076461769116
2 0.49 0.36806596701649175 0.0125 0.008995502248875561
2 0.525625 0.3095952023988006 0.0025 0.005997001499250375
3 0.40375 0.7481259370314842 0.035 0.013493253373313344
3 0.31 0.7428785607196402 0.03 0.022488755622188907
1 0.620625 0.48200899550224885 0.07625 0.13943028485757122
2 0.505625 0.39205397301349326 0.01 0.008995502248875561
2 0.51625 0.40929535232383807 0.01 0.0074962518740629685