2 0.379375 0.6482035928143712 0.05375 0.06437125748502993
2 0.5275 0.6706586826347305 0.03375 0.0344311377245509
0 0.945625 0.6092814371257484 0.06125 0.05239520958083832
2 0.223125 0.8241017964071856 0.2075 0.08982035928143713
0 0.045625 0.5980538922155688 0.06375 0.09431137724550898
2 0.371875 0.47979041916167664 0.03625 0.0374251497005988
2 0.37 0.2911676646706587 0.02875 0.025449101796407185
2 0.856875 0.437874251497006 0.02125 0.023952095808383235
2 0.808125 0.3473053892215569 0.0225 0.025449101796407185
2 0.730625 0.20434131736526945 0.01375 0.01347305389221557
2 0.70125 0.156437125748503 0.01625 0.017964071856287425
0 0.624375 0.02694610778443114 0.03375 0.020958083832335328
0 0.775625 0.0344311377245509 0.02625 0.02844311377245509
2 0.823125 0.09730538922155689 0.015 0.010479041916167664
2 0.83625 0.11452095808383234 0.01375 0.0074850299401197605
2 0.900625 0.18038922155688622 0.01375 0.011976047904191617
2 0.944375 0.23203592814371257 0.02125 0.019461077844311378
2 0.37 0.10179640718562874 0.02625 0.019461077844311378
2 0.369375 0.05538922155688623 0.01375 0.01347305389221557
2 0.43375 0.0344311377245509 0.02125 0.011976047904191617
2 0.32125 0.040419161676646706 0.02625 0.016467065868263474
2 0.30375 0.09281437125748503 0.025 0.025449101796407185
2 0.325625 0.16691616766467066 0.0225 0.025449101796407185
2 0.475 0.1601796407185629 0.025 0.025449101796407185
2 0.465625 0.08383233532934131 0.02125 0.020958083832335328
2 0.305 0.18038922155688622 0.01 0.010479041916167664
3 0.21625 0.12425149700598802 0.02 0.029940119760479042
3 0.230625 0.16691616766467066 0.015 0.02844311377245509
3 0.245 0.20508982035928144 0.015 0.02844311377245509
1 0.1725 0.2926646706586826 0.065 0.12874251497005987
2 0.1925 0.49101796407185627 0.0125 0.019461077844311378
0 0.183125 0.04940119760479042 0.02625 0.025449101796407185
2 0.6125 0.10329341317365269 0.0125 0.016467065868263474
2 0.61625 0.12425149700598802 0.015 0.016467065868263474
2 0.464375 0.8525449101796407 0.02125 0.017964071856287425
2 0.8275 0.8488023952095808 0.02 0.020958083832335328
0 0.366875 0.02694610778443114 0.02625 0.020958083832335328
2 0.721875 0.09505988023952096 0.0775 0.08982035928143713
2 0.94 0.4842814371257485 0.02125 0.023952095808383235
0 0.188125 0.5336826347305389 0.03 0.038922155688622756