2 0.3525 0.6626686656671664 0.05375 0.06296851574212893
2 0.49875 0.6709145427286357 0.0325 0.035982008995502246
0 0.930625 0.5659670164917541 0.05875 0.05247376311844078
2 0.164375 0.856071964017991 0.20125 0.09145427286356822
0 0.028125 0.6461769115442278 0.05625 0.095952023988006
2 0.374375 0.49325337331334335 0.03625 0.038980509745127435
2 0.404375 0.3028485757121439 0.02875 0.0239880059970015
2 0.870625 0.4025487256371814 0.02 0.022488755622188907
2 0.836875 0.3140929535232384 0.02125 0.0239880059970015
2 0.78375 0.17841079460269865 0.015 0.013493253373313344
2 0.761875 0.13268365817091454 0.01625 0.01649175412293853
0 0.706875 0.010494752623688156 0.03375 0.020989505247376312
0 0.85875 0.008245877061469266 0.0275 0.01649175412293853
2 0.895625 0.06146926536731634 0.015 0.010494752623688156
2 0.906875 0.07571214392803598 0.01375 0.0074962518740629685
2 0.960625 0.13493253373313344 0.01375 0.01199400299850075
2 0.991875 0.18515742128935533 0.01375 0.019490254872563718
2 0.436875 0.11169415292353824 0.025 0.017991004497751123
2 0.444375 0.06446776611694154 0.015 0.013493253373313344
2 0.511875 0.03673163418290855 0.02 0.01199400299850075
2 0.39875 0.053973013493253376 0.02625 0.014992503748125937
2 0.373125 0.10794602698650675 0.02375 0.0239880059970015
2 0.380625 0.18215892053973012 0.02125 0.0239880059970015
2 0.5325 0.16041979010494753 0.02375 0.0239880059970015
2 0.536875 0.08395802098950525 0.02 0.019490254872563718
2 0.358125 0.19715142428785606 0.01 0.010494752623688156
3 0.2775 0.14917541229385306 0.01875 0.029985007496251874
3 0.28625 0.1904047976011994 0.015 0.029985007496251874
3 0.291875 0.22863568215892055 0.015 0.029985007496251874
1 0.205 0.3238380809595202 0.065 0.12743628185907047
2 0.19 0.5217391304347826 0.0125 0.019490254872563718
0 0.258125 0.07721139430284858 0.025 0.0239880059970015
2 0.681875 0.08695652173913043 0.0125 0.01649175412293853
2 0.681875 0.10794602698650675 0.01625 0.014992503748125937
2 0.403125 0.861319340329835 0.02 0.01649175412293853
2 0.77 0.8215892053973014 0.01875 0.019490254872563718
0 0.4475 0.035982008995502246 0.025 0.019490254872563718
2 0.793125 0.06671664167916042 0.07625 0.08995502248875563
2 0.946875 0.43928035982008995 0.02 0.022488755622188907