0 0.48 0.3058470764617691 0.02625 0.035982008995502246
2 0.440625 0.31859070464767614 0.02375 0.020989505247376312
0 0.399375 0.31859070464767614 0.02625 0.03298350824587706
2 0.445 0.3583208395802099 0.01125 0.013493253373313344
0 0.45625 0.38455772113943026 0.02625 0.03298350824587706
2 0.09625 0.8088455772113943 0.01125 0.014992503748125937
2 0.059375 0.7976011994002998 0.00875 0.014992503748125937
3 0.725 0.6934032983508246 0.0175 0.07946026986506746
2 0.753125 0.704647676161919 0.0125 0.014992503748125937
3 0.76625 0.7113943028485757 0.02125 0.08395802098950525
2 0.480625 0.35157421289355323 0.00375 0.005997001499250375
3 0.528125 0.3395802098950525 0.0125 0.044977511244377814
3 0.718125 0.3103448275862069 0.0225 0.041979010494752625
3 0.198125 0.5022488755622189 0.0425 0.10494752623688156
2 0.204375 0.4985007496251874 0.0325 0.026986506746626688
2 0.455625 0.2608695652173913 0.045 0.043478260869565216
3 0.129375 0.7901049475262368 0.01375 0.017991004497751123
3 0.040625 0.8718140929535232 0.02625 0.05697151424287856
3 0.7175 0.7458770614692654 0.12 0.02848575712143928
2 0.48375 0.0704647676161919 0.06625 0.07646176911544228
3 0.518125 0.25862068965517243 0.02 0.035982008995502246
3 0.534375 0.20539730134932535 0.01625 0.03298350824587706
3 0.5475 0.15592203898050974 0.0125 0.02848575712143928
2 0.72375 0.12518740629685157 0.01 0.01199400299850075
2 0.6125 0.8103448275862069 0.03 0.02848575712143928
2 0.584375 0.9685157421289355 0.02875 0.03298350824587706
2 0.56625 0.44302848575712145 0.06125 0.06146926536731634
2 0.545 0.4085457271364318 0.005 0.005997001499250375
2 0.541875 0.39280359820089955 0.005 0.005997001499250375
2 0.534375 0.36806596701649175 0.0125 0.008995502248875561
2 0.559375 0.24737631184407796 0.00375 0.008995502248875561
2 0.589375 0.3065967016491754 0.0025 0.005997001499250375
3 0.321875 0.7526236881559221 0.03375 0.014992503748125937
3 0.229375 0.7496251874062968 0.03 0.022488755622188907
1 0.626875 0.4790104947526237 0.075 0.1424287856071964