2 0.460625 0.2818590704647676 0.01 0.010494752623688156
2 0.573125 0.2908545727136432 0.0125 0.014992503748125937
2 0.574375 0.3605697151424288 0.01375 0.013493253373313344
2 0.576875 0.5704647676161919 0.02125 0.019490254872563718
2 0.5775 0.7113943028485757 0.01625 0.019490254872563718
1 0.385625 0.22113943028485758 0.03375 0.0734632683658171
0 0.763125 0.17091454272863568 0.02125 0.026986506746626688
2 0.816875 0.14842578710644677 0.015 0.014992503748125937
2 0.82625 0.20239880059970014 0.015 0.014992503748125937
1 0.78125 0.22713643178410794 0.07375 0.05997001499250375
2 0.76875 0.22788605697151423 0.00875 0.0074962518740629685
0 0.820625 0.48875562218890556 0.0225 0.0239880059970015
0 0.8075 0.37106446776611696 0.02 0.022488755622188907
2 0.795 0.4775112443778111 0.01625 0.013493253373313344
2 0.79625 0.5029985007496252 0.01125 0.013493253373313344
2 0.799375 0.27961019490254874 0.0125 0.01649175412293853
2 0.770625 0.2818590704647676 0.01125 0.013493253373313344
2 0.768125 0.2593703148425787 0.00875 0.005997001499250375
2 0.27375 0.9805097451274363 0.065 0.035982008995502246
0 0.804375 0.06596701649175413 0.02875 0.03298350824587706
1 0.3625 0.7608695652173914 0.075 0.08395802098950525
2 0.381875 0.24737631184407796 0.01 0.0074962518740629685
2 0.444375 0.2166416791604198 0.00875 0.0074962518740629685
2 0.464375 0.21964017991004497 0.0075 0.0074962518740629685
1 0.65125 0.1454272863568216 0.05125 0.10044977511244378
1 0.7125 0.14617691154422788 0.055 0.09145427286356822
0 0.9025 0.724887556221889 0.04875 0.04047976011994003