2 0.33625 0.6431784107946027 0.05375 0.06296851574212893
2 0.4775 0.671664167916042 0.0325 0.034482758620689655
0 0.913125 0.6296851574212894 0.06 0.050974512743628186
2 0.13 0.8095952023988006 0.20375 0.08845577211394302
0 0.025 0.5787106446776612 0.05 0.095952023988006
2 0.3775 0.4745127436281859 0.035 0.037481259370314844
2 0.430625 0.28785607196401797 0.02875 0.0239880059970015
2 0.874375 0.4550224887556222 0.02 0.022488755622188907
2 0.8525 0.36281859070464767 0.02125 0.0239880059970015
2 0.815 0.21889055472263869 0.01375 0.013493253373313344
2 0.800625 0.1679160419790105 0.01625 0.01649175412293853
0 0.76125 0.035982008995502246 0.0325 0.022488755622188907
0 0.91125 0.049475262368815595 0.02625 0.026986506746626688
2 0.940625 0.11619190404797601 0.015 0.010494752623688156
2 0.9475 0.13343328335832083 0.01375 0.0074962518740629685
2 0.9925 0.20164917541229385 0.0125 0.013493253373313344
2 0.48625 0.09970014992503748 0.02625 0.017991004497751123
2 0.498125 0.053973013493253376 0.01375 0.013493253373313344
2 0.5675 0.03673163418290855 0.02 0.01199400299850075
2 0.455 0.037481259370314844 0.02625 0.014992503748125937
2 0.423125 0.08695652173913043 0.025 0.0239880059970015
2 0.4225 0.1619190404797601 0.02125 0.0239880059970015
2 0.57375 0.16266866566716642 0.025 0.0239880059970015
2 0.586875 0.08620689655172414 0.02 0.019490254872563718
2 0.398125 0.17391304347826086 0.01 0.010494752623688156
3 0.325625 0.11544227886056972 0.01875 0.029985007496251874
3 0.32875 0.15742128935532235 0.015 0.026986506746626688
3 0.330625 0.19715142428785606 0.015 0.026986506746626688
1 0.233125 0.27961019490254874 0.06375 0.12593703148425786
2 0.194375 0.4767616191904048 0.0125 0.017991004497751123
0 0.315 0.038980509745127435 0.02625 0.0239880059970015
2 0.36125 0.8500749625187406 0.02 0.01649175412293853
2 0.725625 0.8620689655172413 0.01875 0.019490254872563718
0 0.504375 0.025487256371814093 0.02625 0.019490254872563718
2 0.838125 0.10869565217391304 0.07625 0.08845577211394302
2 0.94375 0.5044977511244377 0.02 0.022488755622188907
0 0.178125 0.5194902548725637 0.03 0.038980509745127435