2 0.368125 0.6526946107784432 0.05 0.059880239520958084
2 0.51625 0.6706586826347305 0.03125 0.03293413173652695
0 0.939375 0.5958083832335329 0.05625 0.04790419161676647
2 0.199375 0.8338323353293413 0.19625 0.08083832335329341
0 0.03625 0.6137724550898204 0.06 0.08832335329341318
2 0.371875 0.4842814371257485 0.03375 0.03592814371257485
2 0.38375 0.2949101796407186 0.0275 0.023952095808383235
2 0.863125 0.4258982035928144 0.01875 0.020958083832335328
2 0.820625 0.33607784431137727 0.02125 0.023952095808383235
2 0.7525 0.1968562874251497 0.01375 0.011976047904191617
2 0.72625 0.14820359281437126 0.015 0.014970059880239521
0 0.65875 0.021706586826347306 0.03 0.019461077844311378
0 0.81 0.023203592814371257 0.025 0.02694610778443114
2 0.854375 0.08607784431137724 0.015 0.008982035928143712
2 0.865 0.10179640718562874 0.01375 0.005988023952095809
2 0.925625 0.16541916167664672 0.01375 0.010479041916167664
2 0.964375 0.21631736526946108 0.01875 0.016467065868263474
2 0.3975 0.10479041916167664 0.02375 0.017964071856287425
2 0.399375 0.058383233532934134 0.01375 0.011976047904191617
2 0.465 0.03592814371257485 0.02 0.011976047904191617
2 0.353125 0.04491017964071856 0.025 0.014970059880239521
2 0.331875 0.09730538922155689 0.02375 0.023952095808383235
2 0.348125 0.17140718562874252 0.02125 0.023952095808383235
2 0.49875 0.16092814371257486 0.02375 0.023952095808383235
2 0.495625 0.0845808383233533 0.01875 0.017964071856287425
2 0.326875 0.18562874251497005 0.00875 0.010479041916167664
3 0.241875 0.13248502994011976 0.01875 0.02694610778443114
3 0.253125 0.17365269461077845 0.015 0.02694610778443114
3 0.26375 0.2125748502994012 0.015 0.02694610778443114
1 0.185625 0.3031437125748503 0.06125 0.12125748502994012
2 0.19125 0.500748502994012 0.01 0.017964071856287425
0 0.213125 0.058383233532934134 0.025 0.023952095808383235
2 0.640625 0.09805389221556886 0.01 0.014970059880239521
2 0.6425 0.11901197604790419 0.015 0.01347305389221557
2 0.439375 0.8555389221556886 0.01875 0.014970059880239521
2 0.80375 0.8398203592814372 0.0175 0.017964071856287425
0 0.4 0.029940119760479042 0.02375 0.019461077844311378
2 0.751875 0.08532934131736528 0.0725 0.08383233532934131
2 0.943125 0.469311377245509 0.01875 0.020958083832335328
0 0.18375 0.5434131736526946 0.02875 0.0374251497005988