0 0.041875 0.6437125748502994 0.045 0.04940119760479042
2 0.519375 0.48577844311377244 0.0375 0.04640718562874251
3 0.4575 0.6624251497005988 0.02875 0.15868263473053892
3 0.58875 0.6669161676646707 0.0525 0.13922155688622753
2 0.87125 0.7267964071856288 0.015 0.019461077844311378
2 0.189375 0.2432634730538922 0.01375 0.010479041916167664
2 0.21125 0.19011976047904192 0.01625 0.011976047904191617
2 0.35875 0.1437125748502994 0.0075 0.008982035928143712
2 0.439375 0.17290419161676646 0.00625 0.0074850299401197605
2 0.4425 0.20434131736526945 0.0075 0.004491017964071856
1 0.434375 0.14146706586826346 0.04 0.15868263473053892
0 0.43125 0.07709580838323353 0.015 0.016467065868263474
1 0.35375 0.1092814371257485 0.03375 0.10479041916167664
1 0.29 0.19086826347305388 0.06625 0.05538922155688623
2 0.2975 0.19236526946107785 0.015 0.011976047904191617
2 0.29 0.24251497005988024 0.01125 0.008982035928143712
2 0.27875 0.2844311377245509 0.01125 0.010479041916167664
2 0.179375 0.2949101796407186 0.0125 0.008982035928143712
2 0.17 0.31736526946107785 0.015 0.010479041916167664
0 0.274375 0.04790419161676647 0.0275 0.025449101796407185
0 0.135 0.05538922155688623 0.02625 0.02694610778443114
0 0.1825 0.405688622754491 0.025 0.03143712574850299
0 0.220625 0.28817365269461076 0.025 0.03293413173652695
2 0.18 0.49101796407185627 0.01625 0.023952095808383235
2 0.51125 0.2926646706586826 0.03 0.02844311377245509
2 0.505 0.10553892215568862 0.0175 0.010479041916167664
2 0.501875 0.05688622754491018 0.01125 0.0074850299401197605
2 0.895625 0.27994011976047906 0.0225 0.020958083832335328
2 0.635625 0.01347305389221557 0.0075 0.0074850299401197605
1 0.725 0.24476047904191617 0.04625 0.0718562874251497
2 0.728125 0.22979041916167664 0.0125 0.008982035928143712
2 0.003125 0.11826347305389222 0.00625 0.02245508982035928
2 0.25625 0.10853293413173652 0.0075 0.008982035928143712
2 0.249375 0.12275449101796407 0.00875 0.0074850299401197605
2 0.2775 0.1092814371257485 0.08625 0.0718562874251497
2 0.375625 0.8570359281437125 0.015 0.0074850299401197605
2 0.11375 0.4356287425149701 0.0175 0.019461077844311378
2 0.145 0.34880239520958084 0.01875 0.023952095808383235