2 0.473125 0.27961019490254874 0.01 0.01199400299850075
2 0.584375 0.2938530734632684 0.01125 0.014992503748125937
2 0.581875 0.36281859070464767 0.0125 0.013493253373313344
2 0.5725 0.5757121439280359 0.01875 0.019490254872563718
2 0.564375 0.7166416791604198 0.015 0.019490254872563718
1 0.403125 0.2128935532233883 0.03 0.07646176911544228
0 0.776875 0.18215892053973012 0.01875 0.026986506746626688
2 0.830625 0.1619190404797601 0.01375 0.014992503748125937
2 0.8375 0.2166416791604198 0.01375 0.014992503748125937
1 0.7925 0.2391304347826087 0.07125 0.05997001499250375
2 0.78 0.2391304347826087 0.00875 0.0074962518740629685
0 0.816875 0.5059970014992504 0.02 0.0239880059970015
0 0.81 0.3853073463268366 0.0175 0.022488755622188907
2 0.7925 0.4917541229385307 0.015 0.013493253373313344
2 0.791875 0.5172413793103449 0.01 0.014992503748125937
2 0.8075 0.2938530734632684 0.01125 0.01649175412293853
2 0.77875 0.29310344827586204 0.01 0.014992503748125937
2 0.776875 0.27061469265367316 0.00875 0.005997001499250375
2 0.248125 0.9767616191904048 0.06125 0.043478260869565216
0 0.824375 0.07946026986506746 0.0275 0.03298350824587706
1 0.35 0.7556221889055472 0.07 0.08545727136431784
2 0.3975 0.2383808095952024 0.01 0.0074962518740629685
2 0.461875 0.21139430284857572 0.00875 0.0074962518740629685
2 0.480625 0.2151424287856072 0.00625 0.0074962518740629685
1 0.66875 0.15142428785607195 0.04625 0.10344827586206896
1 0.72875 0.15367316341829085 0.05 0.0944527736131934
0 0.87875 0.7473763118440779 0.045 0.04047976011994003