0 0.03625 0.5982008995502249 0.04875 0.049475262368815595
2 0.519375 0.487256371814093 0.04125 0.046476761619190406
3 0.451875 0.6581709145427287 0.03625 0.15592203898050974
3 0.58375 0.6754122938530734 0.06 0.13793103448275862
2 0.865 0.7631184407796102 0.0175 0.019490254872563718
2 0.196875 0.2151424287856072 0.015 0.01199400299850075
2 0.22 0.1634182908545727 0.01875 0.013493253373313344
2 0.37 0.13268365817091454 0.0075 0.008995502248875561
2 0.449375 0.1686656671664168 0.00625 0.0074962518740629685
2 0.4525 0.20089955022488756 0.0075 0.004497751124437781
1 0.445625 0.13718140929535233 0.0475 0.15742128935532235
0 0.444375 0.0727136431784108 0.0175 0.01649175412293853
1 0.365625 0.09745127436281859 0.03875 0.10344827586206896
1 0.299375 0.17316341829085458 0.07125 0.05697151424287856
2 0.306875 0.17466266866566715 0.0175 0.013493253373313344
2 0.298125 0.22338830584707647 0.0125 0.010494752623688156
2 0.285625 0.2646176911544228 0.0125 0.01199400299850075
2 0.185 0.2646176911544228 0.01375 0.010494752623688156
2 0.175 0.2863568215892054 0.01625 0.01199400299850075
0 0.288125 0.029985007496251874 0.02875 0.0239880059970015
0 0.1475 0.022488755622188907 0.0275 0.025487256371814093
0 0.185 0.37556221889055474 0.02625 0.031484257871064465
0 0.22625 0.2623688155922039 0.02625 0.03298350824587706
2 0.18 0.4587706146926537 0.0175 0.0239880059970015
2 0.518125 0.29760119940029983 0.03125 0.029985007496251874
2 0.518125 0.11019490254872563 0.01875 0.01199400299850075
2 0.515625 0.060719640179910044 0.0125 0.008995502248875561
2 0.904375 0.32083958020989506 0.025 0.019490254872563718
2 0.651875 0.029985007496251874 0.0075 0.0074962518740629685
1 0.733125 0.2691154422788606 0.05 0.07196401799100449
2 0.7375 0.25412293853073464 0.01375 0.010494752623688156
2 0.00875 0.0712143928035982 0.0175 0.022488755622188907
2 0.268125 0.08770614692653673 0.0075 0.008995502248875561
2 0.26125 0.10044977511244378 0.00875 0.0074962518740629685
2 0.289375 0.09145427286356822 0.09375 0.07496251874062969
2 0.363125 0.8425787106446777 0.01625 0.008995502248875561
2 0.114375 0.3980509745127436 0.02 0.019490254872563718
2 0.148125 0.315592203898051 0.02125 0.022488755622188907