2 0.360625 0.6296851574212894 0.05125 0.06446776611694154
2 0.50875 0.671664167916042 0.0325 0.035982008995502246
0 0.9375 0.6671664167916042 0.0575 0.05247376311844078
2 0.184375 0.780359820089955 0.2 0.08695652173913043
0 0.031875 0.5382308845577212 0.0575 0.09745127436281859
2 0.371875 0.46401799100449775 0.035 0.038980509745127435
2 0.39125 0.27961019490254874 0.02875 0.025487256371814093
2 0.8675 0.48800599700149927 0.01875 0.022488755622188907
2 0.828125 0.39205397301349326 0.02125 0.025487256371814093
2 0.764375 0.24287856071964017 0.01375 0.013493253373313344
2 0.74125 0.1911544227886057 0.015 0.01649175412293853
0 0.67875 0.05322338830584707 0.03125 0.0239880059970015
0 0.829375 0.08095952023988005 0.025 0.02848575712143928
2 0.87125 0.14992503748125938 0.015 0.008995502248875561
2 0.881875 0.1686656671664168 0.01375 0.005997001499250375
2 0.94 0.2413793103448276 0.01375 0.01199400299850075
2 0.975625 0.29685157421289354 0.0125 0.019490254872563718
2 0.413125 0.0944527736131934 0.02375 0.019490254872563718
2 0.418125 0.04872563718140929 0.01375 0.013493253373313344
2 0.485 0.03823088455772114 0.02 0.013493253373313344
2 0.369375 0.02848575712143928 0.025 0.01649175412293853
2 0.346875 0.07721139430284858 0.02375 0.025487256371814093
2 0.36125 0.15217391304347827 0.02125 0.025487256371814093
2 0.5125 0.1664167916041979 0.02375 0.025487256371814093
2 0.511875 0.08995502248875563 0.01875 0.019490254872563718
2 0.339375 0.1634182908545727 0.01 0.01199400299850075
3 0.255 0.095952023988006 0.01875 0.02848575712143928
3 0.26625 0.13943028485757122 0.015 0.02848575712143928
3 0.275 0.17841079460269865 0.015 0.02848575712143928
1 0.1925 0.25487256371814093 0.06125 0.13043478260869565
2 0.190625 0.452023988005997 0.01125 0.019490254872563718
0 0.230625 0.017991004497751123 0.025 0.025487256371814093
2 0.425 0.8418290854572713 0.01875 0.01649175412293853
2 0.791875 0.8853073463268366 0.0175 0.019490254872563718
0 0.41875 0.021739130434782608 0.02375 0.020989505247376312
2 0.76875 0.13343328335832083 0.07375 0.08995502248875563
2 0.945 0.5434782608695652 0.01875 0.022488755622188907
0 0.180625 0.4917541229385307 0.03 0.04047976011994003