0 0.440625 0.3110944527736132 0.02375 0.034482758620689655
2 0.403125 0.3268365817091454 0.02125 0.019490254872563718
0 0.3625 0.32908545727136435 0.02375 0.031484257871064465
2 0.41625 0.36356821589205396 0.01 0.01199400299850075
0 0.4325 0.38905547226386805 0.02375 0.031484257871064465
2 0.15375 0.8335832083958021 0.01 0.013493253373313344
2 0.114375 0.8253373313343328 0.0075 0.013493253373313344
3 0.765625 0.6731634182908546 0.01625 0.07496251874062969
2 0.79625 0.6836581709145427 0.01125 0.013493253373313344
3 0.81125 0.6881559220389805 0.01875 0.07946026986506746
2 0.45125 0.3553223388305847 0.00375 0.005997001499250375
3 0.496875 0.3403298350824588 0.01125 0.043478260869565216
3 0.683125 0.2983508245877061 0.02 0.04047976011994003
3 0.195625 0.5247376311844077 0.03875 0.10044977511244378
2 0.20125 0.5194902548725637 0.02875 0.025487256371814093
2 0.406875 0.26761619190404795 0.04 0.041979010494752625
3 0.183125 0.8133433283358321 0.0125 0.01649175412293853
3 0.11 0.9002998500749625 0.02375 0.053973013493253376
3 0.769375 0.7256371814092953 0.1075 0.026986506746626688
2 0.3975 0.07946026986506746 0.06 0.07196401799100449
3 0.470625 0.2623688155922039 0.0175 0.034482758620689655
3 0.475625 0.20614692653673164 0.015 0.031484257871064465
3 0.48 0.15817091454272864 0.01125 0.026986506746626688
2 0.65125 0.11469265367316342 0.00875 0.010494752623688156
2 0.675625 0.7976011994002998 0.0275 0.026986506746626688
2 0.67875 0.9550224887556222 0.02625 0.031484257871064465
2 0.555 0.43853073463268366 0.055 0.05847076461769116
2 0.5275 0.4077961019490255 0.005 0.005997001499250375
2 0.521875 0.39280359820089955 0.005 0.005997001499250375
2 0.508125 0.36806596701649175 0.01125 0.008995502248875561
2 0.51 0.24812593703148425 0.00375 0.008995502248875561
2 0.551875 0.30359820089955025 0.0025 0.005997001499250375
3 0.37 0.7608695652173914 0.03 0.013493253373313344
3 0.27625 0.7653673163418291 0.0275 0.020989505247376312
1 0.62375 0.4707646176911544 0.0675 0.13493253373313344