2 0.353125 0.6341829085457271 0.04875 0.06296851574212893
2 0.5 0.671664167916042 0.03 0.034482758620689655
0 0.93 0.6551724137931034 0.055 0.050974512743628186
2 0.168125 0.7893553223388305 0.19 0.08545727136431784
0 0.028125 0.5502248875562219 0.055 0.0944527736131934
2 0.374375 0.46851574212893554 0.0325 0.037481259370314844
2 0.40375 0.2826086956521739 0.02625 0.025487256371814093
2 0.86875 0.4775112443778111 0.0175 0.022488755622188907
2 0.835625 0.3830584707646177 0.02 0.025487256371814093
2 0.780625 0.2353823088455772 0.0125 0.01199400299850075
2 0.76 0.18365817091454273 0.01375 0.01649175412293853
0 0.70375 0.04872563718140929 0.02875 0.0239880059970015
0 0.854375 0.07196401799100449 0.02375 0.02848575712143928
2 0.8925 0.13943028485757122 0.01375 0.008995502248875561
2 0.903125 0.15817091454272864 0.0125 0.005997001499250375
2 0.9575 0.22788605697151423 0.0125 0.010494752623688156
2 0.988125 0.2848575712143928 0.01125 0.019490254872563718
2 0.435625 0.095952023988006 0.0225 0.019490254872563718
2 0.441875 0.05022488755622189 0.0125 0.01199400299850075
2 0.51 0.03823088455772114 0.01875 0.01199400299850075
2 0.395625 0.031484257871064465 0.02375 0.01649175412293853
2 0.370625 0.08020989505247376 0.0225 0.025487256371814093
2 0.38 0.15517241379310345 0.02 0.025487256371814093
2 0.53125 0.16491754122938532 0.0225 0.025487256371814093
2 0.534375 0.08845577211394302 0.0175 0.019490254872563718
2 0.356875 0.1664167916041979 0.00875 0.010494752623688156
3 0.27625 0.10194902548725637 0.0175 0.02848575712143928
3 0.285 0.1454272863568216 0.01375 0.02848575712143928
3 0.29125 0.18440779610194902 0.01375 0.02848575712143928
1 0.205 0.2638680659670165 0.05875 0.12743628185907047
2 0.191875 0.45952023988005997 0.01 0.019490254872563718
0 0.255625 0.025487256371814093 0.02375 0.025487256371814093
2 0.405 0.843328335832084 0.0175 0.01649175412293853
2 0.770625 0.8778110944527736 0.01625 0.019490254872563718
0 0.445 0.021739130434782608 0.0225 0.020989505247376312
2 0.79 0.12593703148425786 0.07 0.08845577211394302
2 0.945 0.5314842578710645 0.0175 0.022488755622188907
0 0.179375 0.5007496251874063 0.0275 0.038980509745127435