0 0.053125 0.6139430284857571 0.05125 0.049475262368815595
2 0.51875 0.48800599700149927 0.04125 0.046476761619190406
3 0.47125 0.6604197901049476 0.03125 0.15742128935532235
3 0.60375 0.6731634182908546 0.0575 0.13943028485757122
2 0.891875 0.7511244377811095 0.0175 0.019490254872563718
2 0.16625 0.22488755622188905 0.015 0.010494752623688156
2 0.184375 0.1724137931034483 0.01875 0.01199400299850075
2 0.3275 0.136431784107946 0.00875 0.008995502248875561
2 0.41125 0.1701649175412294 0.0075 0.0074962518740629685
2 0.416875 0.20164917541229385 0.00875 0.004497751124437781
1 0.40375 0.1386806596701649 0.04375 0.15742128935532235
0 0.395 0.07421289355322339 0.0175 0.01649175412293853
1 0.319375 0.10044977511244378 0.03625 0.10194902548725637
1 0.263125 0.17841079460269865 0.075 0.053973013493253376
2 0.270625 0.18065967016491755 0.0175 0.01199400299850075
2 0.2675 0.22938530734632684 0.0125 0.008995502248875561
2 0.260625 0.27136431784107945 0.0125 0.010494752623688156
2 0.160625 0.27511244377811095 0.01375 0.008995502248875561
2 0.15375 0.29910044977511246 0.0175 0.010494752623688156
0 0.235625 0.035982008995502246 0.03 0.0239880059970015
0 0.09625 0.034482758620689655 0.02875 0.025487256371814093
2 0.130625 0.328335832083958 0.01875 0.01199400299850075
2 0.10625 0.41004497751124436 0.02 0.017991004497751123
0 0.17375 0.3860569715142429 0.02625 0.029985007496251874
0 0.201875 0.27136431784107945 0.02625 0.031484257871064465
2 0.17875 0.4715142428785607 0.0175 0.0239880059970015
2 0.494375 0.29610194902548725 0.0325 0.026986506746626688
2 0.470625 0.10869565217391304 0.02 0.010494752623688156
2 0.46375 0.05922038980509745 0.0125 0.0074962518740629685
2 0.878125 0.30509745127436283 0.025 0.019490254872563718
2 0.594375 0.0239880059970015 0.00875 0.0074962518740629685
1 0.70375 0.260119940029985 0.05125 0.07196401799100449
2 0.7025 0.24512743628185907 0.01375 0.008995502248875561
2 0.221875 0.095952023988006 0.00875 0.008995502248875561
2 0.216875 0.10869565217391304 0.01 0.0074962518740629685
2 0.243125 0.09745127436281859 0.0975 0.0704647676161919
2 0.40625 0.848575712143928 0.0175 0.0074962518740629685