2 0.4425 0.27136431784107945 0.01 0.010494752623688156
2 0.55625 0.3058470764617691 0.01125 0.013493253373313344
2 0.563125 0.37631184407796103 0.0125 0.01199400299850075
2 0.58375 0.5899550224887556 0.02 0.020989505247376312
2 0.59625 0.732383808095952 0.01625 0.020989505247376312
1 0.361875 0.191904047976012 0.03125 0.07646176911544228
0 0.736875 0.22563718140929534 0.02 0.02848575712143928
2 0.78875 0.2151424287856072 0.01375 0.01649175412293853
2 0.8025 0.27136431784107945 0.01375 0.01649175412293853
1 0.759375 0.2871064467766117 0.07125 0.06146926536731634
2 0.746875 0.2848575712143928 0.0075 0.0074962518740629685
0 0.8225 0.5614692653673163 0.02125 0.025487256371814093
0 0.7975 0.43853073463268366 0.01875 0.0239880059970015
2 0.795625 0.5434782608695652 0.015 0.013493253373313344
2 0.798125 0.5689655172413793 0.01 0.013493253373313344
2 0.783125 0.3448275862068966 0.0125 0.01649175412293853
2 0.754375 0.33883058470764615 0.01 0.013493253373313344
2 0.74875 0.31634182908545727 0.0075 0.005997001499250375
2 0.311875 0.9475262368815592 0.06 0.05847076461769116
0 0.77 0.13043478260869565 0.02875 0.03298350824587706
1 0.383125 0.732383808095952 0.07125 0.08695652173913043
2 0.360625 0.21739130434782608 0.01 0.0074962518740629685
2 0.420625 0.20014992503748125 0.0075 0.0074962518740629685
2 0.44125 0.20839580209895053 0.00625 0.0074962518740629685
1 0.6225 0.17541229385307347 0.04875 0.10194902548725637
1 0.684375 0.1896551724137931 0.0525 0.09295352323838081
0 0.91875 0.8185907046476761 0.04625 0.04047976011994003