2 0.685 0.8260869565217391 0.0525 0.05997001499250375
2 0.294375 0.8223388305847077 0.015 0.01649175412293853
2 0.261875 0.6356821589205397 0.01625 0.019490254872563718
2 0.19875 0.24962518740629686 0.005 0.005997001499250375
2 0.1475 0.25787106446776614 0.0325 0.026986506746626688
2 0.043125 0.29235382308845576 0.0475 0.05697151424287856
1 0.115 0.45652173913043476 0.05625 0.041979010494752625
1 0.025 0.610944527736132 0.04875 0.10944527736131934
2 0.0175 0.6289355322338831 0.01625 0.01649175412293853
2 0.24375 0.7848575712143928 0.01125 0.01199400299850075
1 0.31 0.7518740629685158 0.0725 0.11394302848575712
0 0.28125 0.5292353823088456 0.02625 0.019490254872563718
0 0.289375 0.4542728635682159 0.025 0.020989505247376312
0 0.27625 0.4085457271364318 0.02 0.0239880059970015
1 0.35625 0.17166416791604197 0.05 0.08695652173913043
2 0.35125 0.14617691154422788 0.00625 0.005997001499250375
2 0.92625 0.2376311844077961 0.01 0.008995502248875561
2 0.913125 0.1896551724137931 0.01125 0.010494752623688156
0 0.9 0.12293853073463268 0.01875 0.025487256371814093
1 0.878125 0.2593703148425787 0.06875 0.08395802098950525
0 0.85125 0.20464767616191903 0.02 0.020989505247376312
2 0.7025 0.3095952023988006 0.01125 0.010494752623688156
2 0.711875 0.36881559220389803 0.01125 0.01199400299850075
0 0.926875 0.34782608695652173 0.015 0.019490254872563718
0 0.90625 0.37106446776611696 0.01875 0.019490254872563718
0 0.92375 0.46476761619190404 0.015 0.01649175412293853
0 0.945625 0.44377811094452774 0.01875 0.0239880059970015
2 0.9 0.4580209895052474 0.00875 0.0074962518740629685
2 0.905 0.4790104947526237 0.01 0.01199400299850075
1 0.965 0.5554722638680659 0.05625 0.10194902548725637
2 0.5925 0.30434782608695654 0.00375 0.005997001499250375
2 0.733125 0.5434782608695652 0.01125 0.01649175412293853
2 0.745 0.6529235382308846 0.01125 0.013493253373313344