3 0.709375 0.44302848575712145 0.025 0.008995502248875561
3 0.633125 0.44752623688155924 0.0125 0.0074962518740629685
3 0.778125 0.44302848575712145 0.015 0.0074962518740629685
3 0.613125 0.42653673163418293 0.00875 0.01649175412293853
3 0.615625 0.3410794602698651 0.005 0.01199400299850075
3 0.618125 0.27211394302848574 0.01 0.014992503748125937
3 0.620625 0.164167916041979 0.0175 0.020989505247376312
3 0.511875 0.11394302848575712 0.02375 0.01649175412293853
3 0.423125 0.12143928035982009 0.01625 0.01199400299850075
2 0.225 0.19940029985007496 0.005 0.005997001499250375
2 0.275 0.19940029985007496 0.00625 0.0074962518740629685
2 0.283125 0.0952023988005997 0.00625 0.0074962518740629685
3 0.308125 0.18065967016491755 0.01625 0.026986506746626688
2 0.198125 0.6709145427286357 0.00625 0.0074962518740629685
3 0.214375 0.5922038980509745 0.01625 0.07196401799100449
3 0.284375 0.5247376311844077 0.0175 0.022488755622188907
3 0.271875 0.8170914542728636 0.0175 0.020989505247376312
3 0.27875 0.6866566716641679 0.0225 0.034482758620689655
3 0.294375 0.3493253373313343 0.02125 0.029985007496251874
2 0.20875 0.43103448275862066 0.00875 0.010494752623688156
3 0.205 0.8020989505247377 0.0125 0.031484257871064465
2 0.20625 0.8020989505247377 0.005 0.010494752623688156
3 0.12125 0.31784107946026985 0.01625 0.046476761619190406
3 0.224375 0.3815592203898051 0.0125 0.031484257871064465
3 0.23125 0.25862068965517243 0.015 0.043478260869565216
3 0.24625 0.09295352323838081 0.0175 0.038980509745127435
2 0.72 0.2518740629685157 0.01875 0.022488755622188907
2 0.719375 0.15817091454272864 0.02 0.019490254872563718
3 0.768125 0.06671664167916042 0.0525 0.06146926536731634
3 0.691875 0.03973013493253373 0.03125 0.04047976011994003