0 0.415625 0.30509745127436283 0.02625 0.035982008995502246
2 0.380625 0.31634182908545727 0.02375 0.020989505247376312
0 0.34 0.315592203898051 0.02625 0.03298350824587706
2 0.39875 0.356071964017991 0.01125 0.013493253373313344
0 0.4175 0.3815592203898051 0.02625 0.03298350824587706
2 0.19625 0.7976011994002998 0.01125 0.014992503748125937
2 0.155625 0.7833583208395802 0.00875 0.014992503748125937
3 0.789375 0.7016491754122939 0.01875 0.07946026986506746
2 0.82125 0.7151424287856072 0.0125 0.014992503748125937
3 0.83625 0.7226386806596702 0.02125 0.08395802098950525
2 0.4325 0.3493253373313343 0.00375 0.005997001499250375
3 0.475625 0.3403298350824588 0.0125 0.044977511244377814
3 0.658125 0.31784107946026985 0.0225 0.041979010494752625
3 0.198125 0.49325337331334335 0.04375 0.10494752623688156
2 0.2025 0.48800599700149927 0.0325 0.026986506746626688
2 0.376875 0.2571214392803598 0.045 0.043478260869565216
3 0.223125 0.7788605697151424 0.01375 0.017991004497751123
3 0.16 0.8583208395802099 0.02625 0.05697151424287856
3 0.799375 0.7541229385307346 0.12125 0.02848575712143928
2 0.3425 0.06896551724137931 0.0675 0.07646176911544228
3 0.439375 0.25787106446776614 0.02 0.035982008995502246
3 0.438125 0.20464767616191903 0.0175 0.03298350824587706
3 0.43625 0.15667166416791603 0.0125 0.02848575712143928
2 0.60125 0.13118440779610194 0.01 0.01199400299850075
2 0.714375 0.815592203898051 0.03125 0.02848575712143928
2 0.73875 0.974512743628186 0.03 0.03298350824587706
2 0.5475 0.444527736131934 0.0625 0.06146926536731634
2 0.515 0.40929535232383807 0.00625 0.005997001499250375
2 0.508125 0.39430284857571213 0.00625 0.005997001499250375
2 0.490625 0.36806596701649175 0.0125 0.008995502248875561
2 0.4775 0.24962518740629686 0.00375 0.008995502248875561
2 0.526875 0.3095952023988006 0.0025 0.005997001499250375
3 0.40375 0.7473763118440779 0.03375 0.014992503748125937
3 0.31 0.7413793103448276 0.03125 0.022488755622188907
1 0.62 0.48425787106446777 0.07625 0.1424287856071964