2 0.16875 0.31511976047904194 0.02375 0.025449101796407185
2 0.49 0.5718562874251497 0.01875 0.016467065868263474
3 0.47875 0.5860778443113772 0.03375 0.07335329341317365
3 0.525625 0.6167664670658682 0.1125 0.025449101796407185
1 0.695625 0.2125748502994012 0.1325 0.21706586826347304
0 0.676875 0.2926646706586826 0.03125 0.025449101796407185
0 0.726875 0.21332335329341318 0.03375 0.023952095808383235
0 0.686875 0.12724550898203593 0.03375 0.03143712574850299
0 0.649375 0.21032934131736528 0.02875 0.020958083832335328
2 0.67875 0.1721556886227545 0.01625 0.019461077844311378
2 0.6825 0.23502994011976047 0.01 0.014970059880239521
2 0.704375 0.19910179640718562 0.01 0.014970059880239521
2 0.71 0.2559880239520958 0.01375 0.02245508982035928
2 0.82875 0.2559880239520958 0.01 0.011976047904191617
2 0.774375 0.1220059880239521 0.0125 0.0074850299401197605
3 0.77125 0.13323353293413173 0.03875 0.019461077844311378
1 0.2975 0.0845808383233533 0.02625 0.07035928143712575
1 0.51125 0.07110778443113773 0.05 0.12425149700598802
2 0.509375 0.09805389221556886 0.0075 0.008982035928143712
2 0.29875 0.07559880239520958 0.01125 0.008982035928143712
3 0.513125 0.020209580838323353 0.02625 0.01347305389221557
2 0.504375 0.1220059880239521 0.00625 0.005988023952095809
2 0.621875 0.35479041916167664 0.00375 0.004491017964071856
2 0.553125 0.12574850299401197 0.0025 0.004491017964071856
3 0.534375 0.1122754491017964 0.015 0.029940119760479042
3 0.73125 0.8278443113772455 0.0175 0.04640718562874251
2 0.7075 0.7627245508982036 0.005 0.0074850299401197605
2 0.7325 0.7589820359281437 0.0075 0.008982035928143712
3 0.24125 0.5142215568862275 0.02625 0.09281437125748503
2 0.21875 0.6661676646706587 0.01375 0.010479041916167664