3 0.70875 0.48575712143928035 0.025 0.008995502248875561
3 0.631875 0.4745127436281859 0.0125 0.0074962518740629685
3 0.7775 0.5 0.015 0.0074962518740629685
3 0.61125 0.4497751124437781 0.01 0.017991004497751123
3 0.61 0.36431784107946025 0.005 0.01199400299850075
3 0.609375 0.29535232383808097 0.01125 0.01649175412293853
3 0.606875 0.1889055472263868 0.0175 0.022488755622188907
3 0.495625 0.11619190404797601 0.02375 0.017991004497751123
3 0.406875 0.10494752623688156 0.01625 0.01199400299850075
2 0.210625 0.1431784107946027 0.005 0.005997001499250375
2 0.260625 0.15217391304347827 0.00625 0.0074962518740629685
2 0.265 0.050974512743628186 0.00625 0.0074962518740629685
3 0.29375 0.1409295352323838 0.01625 0.02848575712143928
2 0.203125 0.6094452773613194 0.00625 0.0074962518740629685
3 0.2175 0.5337331334332833 0.01625 0.07496251874062969
3 0.285 0.47976011994003 0.0175 0.0239880059970015
3 0.285 0.7713643178410795 0.0175 0.022488755622188907
3 0.285625 0.6409295352323838 0.0225 0.034482758620689655
3 0.28625 0.3065967016491754 0.02125 0.029985007496251874
2 0.204375 0.37181409295352325 0.01 0.010494752623688156
3 0.215625 0.7413793103448276 0.0125 0.031484257871064465
2 0.216875 0.7413793103448276 0.005 0.010494752623688156
3 0.11125 0.239880059970015 0.01625 0.047976011994003
3 0.216875 0.32458770614692656 0.0125 0.031484257871064465
3 0.219375 0.20389805097451275 0.015 0.043478260869565216
3 0.229375 0.04122938530734633 0.0175 0.038980509745127435
2 0.709375 0.29760119940029983 0.01875 0.0239880059970015
2 0.70625 0.20314842578710646 0.02 0.020989505247376312
3 0.75125 0.1206896551724138 0.05375 0.06296851574212893
3 0.673125 0.07796101949025487 0.0325 0.04047976011994003