2 0.700625 0.8058470764617691 0.05375 0.06296851574212893
2 0.3075 0.8373313343328336 0.01625 0.017991004497751123
2 0.26625 0.6559220389805097 0.0175 0.020989505247376312
2 0.185 0.27961019490254874 0.005 0.005997001499250375
2 0.135 0.2938530734632684 0.03375 0.031484257871064465
2 0.03625 0.3365817091454273 0.03875 0.05997001499250375
1 0.110625 0.4917541229385307 0.05875 0.046476761619190406
1 0.026875 0.6529235382308846 0.05375 0.11544227886056972
2 0.020625 0.6709145427286357 0.0175 0.017991004497751123
2 0.255 0.8043478260869565 0.0125 0.014992503748125937
1 0.319375 0.7646176911544228 0.0775 0.1199400299850075
0 0.28125 0.5487256371814093 0.0275 0.020989505247376312
0 0.285625 0.4737631184407796 0.02625 0.022488755622188907
0 0.270625 0.4302848575712144 0.02125 0.025487256371814093
1 0.340625 0.1889055472263868 0.055 0.08995502248875563
2 0.334375 0.1656671664167916 0.00625 0.005997001499250375
2 0.918125 0.20164917541229385 0.01 0.008995502248875561
2 0.9025 0.15667166416791603 0.01125 0.013493253373313344
0 0.88625 0.09145427286356822 0.02 0.026986506746626688
1 0.870625 0.22788605697151423 0.0725 0.08845577211394302
0 0.84 0.17691154422788605 0.02125 0.022488755622188907
2 0.695625 0.2938530734632684 0.01125 0.013493253373313344
2 0.7075 0.3523238380809595 0.0125 0.014992503748125937
0 0.921875 0.3118440779610195 0.01625 0.020989505247376312
0 0.903125 0.335832083958021 0.02 0.020989505247376312
0 0.925 0.4280359820089955 0.01625 0.017991004497751123
0 0.94625 0.404047976011994 0.02 0.025487256371814093
2 0.899375 0.42278860569715143 0.00875 0.0074962518740629685
2 0.906875 0.44152923538230887 0.01125 0.013493253373313344
1 0.968125 0.5142428785607196 0.05625 0.10944527736131934
2 0.58375 0.2983508245877061 0.00375 0.005997001499250375
2 0.736875 0.5209895052473763 0.0125 0.017991004497751123
2 0.753125 0.6289355322338831 0.0125 0.01649175412293853