0 0.130625 0.06287425149700598 0.035 0.038922155688622756
2 0.125625 0.15194610778443113 0.01375 0.014970059880239521
2 0.12 0.21706586826347304 0.015 0.014970059880239521
1 0.19875 0.6676646706586826 0.03375 0.04640718562874251
2 0.169375 0.656437125748503 0.0425 0.1407185628742515
0 0.18125 0.5014970059880239 0.0325 0.025449101796407185
0 0.200625 0.5217065868263473 0.02625 0.02245508982035928
0 0.5375 0.19610778443113772 0.0175 0.029940119760479042
2 0.544375 0.25898203592814373 0.01125 0.011976047904191617
2 0.555 0.3338323353293413 0.015 0.017964071856287425
2 0.590625 0.5576347305389222 0.01625 0.019461077844311378
2 0.61375 0.7073353293413174 0.015 0.016467065868263474
2 0.454375 0.09805389221556886 0.02625 0.023952095808383235
2 0.46125 0.15568862275449102 0.02 0.020958083832335328
2 0.6075 0.1497005988023952 0.01875 0.016467065868263474
2 0.613125 0.09880239520958084 0.02 0.019461077844311378
2 0.168125 0.22380239520958084 0.04 0.11976047904191617
2 0.196875 0.10404191616766467 0.07 0.04640718562874251
1 0.75375 0.41092814371257486 0.03375 0.07035928143712575
0 0.183125 0.3570359281437126 0.0225 0.020958083832335328
0 0.315 0.15494011976047903 0.025 0.023952095808383235
0 0.8225 0.5419161676646707 0.025 0.029940119760479042
2 0.8125 0.5022455089820359 0.015 0.016467065868263474
2 0.53 0.11676646706586827 0.10375 0.07335329341317365
2 0.199375 0.6631736526946108 0.0125 0.010479041916167664
2 0.148125 0.5344311377245509 0.01375 0.019461077844311378
3 0.693125 0.17365269461077845 0.02 0.02245508982035928
3 0.7025 0.14595808383233533 0.01875 0.017964071856287425
3 0.71125 0.1122754491017964 0.0175 0.025449101796407185
0 0.729375 0.17365269461077845 0.0125 0.020958083832335328