2 0.43375 0.27320359281437123 0.01 0.010479041916167664
2 0.549375 0.2994011976047904 0.01125 0.01347305389221557
2 0.55875 0.36976047904191617 0.0125 0.011976047904191617
2 0.58625 0.5823353293413174 0.01875 0.017964071856287425
2 0.60375 0.7252994011976048 0.015 0.017964071856287425
1 0.3525 0.1998502994011976 0.03125 0.0718562874251497
0 0.72625 0.20658682634730538 0.02 0.025449101796407185
2 0.778125 0.19236526946107785 0.01375 0.01347305389221557
2 0.79375 0.24850299401197604 0.01375 0.01347305389221557
1 0.751875 0.2657185628742515 0.07125 0.05688622754491018
2 0.739375 0.26497005988023953 0.00875 0.0074850299401197605
0 0.823125 0.5374251497005988 0.02125 0.023952095808383235
0 0.795 0.4154191616766467 0.0175 0.020958083832335328
2 0.795625 0.5209580838323353 0.015 0.011976047904191617
2 0.8 0.5471556886227545 0.01 0.01347305389221557
2 0.776875 0.3218562874251497 0.01125 0.014970059880239521
2 0.748125 0.31961077844311375 0.01 0.01347305389221557
2 0.7425 0.2964071856287425 0.00875 0.005988023952095809
2 0.3275 0.9625748502994012 0.06 0.05389221556886228
0 0.756875 0.10778443113772455 0.02875 0.03143712574850299
1 0.391875 0.7417664670658682 0.07125 0.08083832335329341
2 0.351875 0.2252994011976048 0.01 0.0074850299401197605
2 0.41125 0.20359281437125748 0.00875 0.0074850299401197605
2 0.431875 0.21032934131736528 0.00625 0.0074850299401197605
1 0.61125 0.16467065868263472 0.0475 0.09580838323353294
1 0.673125 0.17440119760479042 0.0525 0.08682634730538923
0 0.926875 0.7881736526946108 0.04625 0.0374251497005988