2 0.341875 0.6424287856071964 0.05125 0.06446776611694154
2 0.485 0.671664167916042 0.03125 0.035982008995502246
0 0.91875 0.6281859070464768 0.0575 0.053973013493253376
2 0.141875 0.8110944527736131 0.195 0.09295352323838081
0 0.02625 0.5817091454272864 0.0525 0.09895052473763119
2 0.37625 0.4752623688155922 0.035 0.038980509745127435
2 0.42125 0.28785607196401797 0.0275 0.025487256371814093
2 0.8725 0.4535232383808096 0.02 0.0239880059970015
2 0.846875 0.3613193403298351 0.02125 0.025487256371814093
2 0.80375 0.21739130434782608 0.01375 0.013493253373313344
2 0.786875 0.1664167916041979 0.015 0.017991004497751123
0 0.741875 0.035982008995502246 0.03125 0.022488755622188907
0 0.8925 0.04872563718140929 0.025 0.02848575712143928
2 0.925 0.11319340329835083 0.01375 0.010494752623688156
2 0.9325 0.13043478260869565 0.0125 0.0074962518740629685
2 0.98125 0.19790104947526238 0.0125 0.01199400299850075
2 0.469375 0.10044977511244378 0.025 0.019490254872563718
2 0.48 0.05247376311844078 0.01375 0.013493253373313344
2 0.549375 0.035982008995502246 0.02 0.01199400299850075
2 0.435625 0.03673163418290855 0.02625 0.01649175412293853
2 0.405625 0.08695652173913043 0.02375 0.025487256371814093
2 0.40875 0.16266866566716642 0.02125 0.025487256371814093
2 0.559375 0.1619190404797601 0.02375 0.025487256371814093
2 0.56875 0.08620689655172414 0.02 0.020989505247376312
2 0.385 0.17616191904047976 0.00875 0.010494752623688156
3 0.31 0.11544227886056972 0.01875 0.029985007496251874
3 0.31375 0.15817091454272864 0.01375 0.029985007496251874
3 0.3175 0.19715142428785606 0.01375 0.029985007496251874
1 0.224375 0.2811094452773613 0.0625 0.13043478260869565
2 0.19375 0.47976011994003 0.01125 0.020989505247376312
0 0.295625 0.04047976011994003 0.025 0.025487256371814093
2 0.71125 0.11019490254872563 0.01125 0.017991004497751123
2 0.71 0.13118440779610194 0.015 0.01649175412293853
2 0.37625 0.8508245877061469 0.02 0.017991004497751123
2 0.74 0.8620689655172413 0.01875 0.020989505247376312
0 0.485 0.024737631184407798 0.025 0.020989505247376312
2 0.8225 0.10569715142428786 0.07375 0.09145427286356822
2 0.943125 0.5022488755622189 0.02 0.0239880059970015
0 0.17875 0.52023988005997 0.03 0.038980509745127435