0 0.174375 0.02619760479041916 0.03125 0.038922155688622756
2 0.161875 0.11302395209580839 0.0125 0.016467065868263474
2 0.148125 0.17664670658682635 0.01375 0.016467065868263474
1 0.18125 0.6309880239520959 0.03125 0.04790419161676647
2 0.154375 0.6167664670658682 0.04 0.1467065868263473
0 0.18125 0.4648203592814371 0.02875 0.025449101796407185
0 0.19875 0.4865269461077844 0.025 0.02245508982035928
0 0.568125 0.20508982035928144 0.015 0.03143712574850299
2 0.56875 0.2679640718562874 0.01 0.011976047904191617
2 0.5725 0.34281437125748504 0.01375 0.019461077844311378
2 0.585625 0.5673652694610778 0.015 0.020958083832335328
2 0.593125 0.717814371257485 0.01375 0.017964071856287425
2 0.494375 0.09730538922155689 0.02375 0.023952095808383235
2 0.495 0.15568862275449102 0.01875 0.020958083832335328
2 0.6425 0.1661676646706587 0.0175 0.017964071856287425
2 0.653125 0.11676646706586827 0.01875 0.019461077844311378
2 0.195625 0.18862275449101795 0.03625 0.12425149700598802
2 0.23625 0.07410179640718563 0.065 0.04790419161676647
1 0.7625 0.4408682634730539 0.03 0.0718562874251497
0 0.1975 0.3218562874251497 0.02125 0.020958083832335328
0 0.34875 0.1377245508982036 0.0225 0.023952095808383235
0 0.818125 0.5785928143712575 0.0225 0.029940119760479042
2 0.8125 0.5381736526946108 0.01375 0.017964071856287425
2 0.568125 0.12574850299401197 0.09625 0.0748502994011976
2 0.183125 0.6264970059880239 0.01125 0.010479041916167664
2 0.145 0.49251497005988026 0.0125 0.020958083832335328
3 0.724375 0.19910179640718562 0.0175 0.023952095808383235
3 0.7375 0.17440119760479042 0.0175 0.019461077844311378
3 0.749375 0.14146706586826346 0.015 0.02694610778443114
0 0.760625 0.2028443113772455 0.01125 0.02245508982035928