3 0.711875 0.44677661169415295 0.025 0.0074962518740629685
3 0.635625 0.4482758620689655 0.0125 0.0074962518740629685
3 0.779375 0.44677661169415295 0.015 0.005997001499250375
3 0.61625 0.4280359820089955 0.0075 0.017991004497751123
3 0.6225 0.34257871064467765 0.005 0.01199400299850075
3 0.628125 0.27361319340329837 0.01 0.01649175412293853
3 0.635 0.1656671664167916 0.01625 0.020989505247376312
3 0.530625 0.11394302848575712 0.0225 0.01649175412293853
3 0.441875 0.1184407796101949 0.01625 0.010494752623688156
2 0.24 0.19490254872563717 0.005 0.005997001499250375
2 0.290625 0.19490254872563717 0.00625 0.0074962518740629685
2 0.30375 0.09145427286356822 0.00625 0.0074962518740629685
3 0.325 0.17691154422788605 0.015 0.026986506746626688
2 0.190625 0.6671664167916042 0.00625 0.0074962518740629685
3 0.2125 0.5877061469265368 0.015 0.07496251874062969
3 0.28375 0.5217391304347826 0.01625 0.022488755622188907
3 0.258125 0.8140929535232384 0.01625 0.020989505247376312
3 0.27125 0.6836581709145427 0.02125 0.03298350824587706
3 0.3025 0.3448275862068966 0.02 0.02848575712143928
2 0.21375 0.4257871064467766 0.01 0.010494752623688156
3 0.24375 0.25487256371814093 0.01375 0.043478260869565216
3 0.2675 0.08770614692653673 0.01625 0.037481259370314844
2 0.730625 0.25487256371814093 0.0175 0.022488755622188907
2 0.73375 0.1619190404797601 0.01875 0.019490254872563718
3 0.7875 0.06971514242878561 0.0525 0.06146926536731634
3 0.71375 0.04272863568215892 0.03125 0.038980509745127435