3 0.71375 0.4542728635682159 0.02625 0.008995502248875561
3 0.6375 0.4535232383808096 0.0125 0.0074962518740629685
3 0.780625 0.4572713643178411 0.015 0.005997001499250375
3 0.620625 0.431784107946027 0.00875 0.017991004497751123
3 0.634375 0.34632683658170915 0.005 0.013493253373313344
3 0.645 0.27811094452773616 0.01 0.01649175412293853
3 0.661875 0.1686656671664168 0.01625 0.020989505247376312
3 0.56125 0.11319340329835083 0.02375 0.017991004497751123
3 0.47375 0.11544227886056972 0.01625 0.01199400299850075
2 0.268125 0.18365817091454273 0.005 0.005997001499250375
2 0.316875 0.1866566716641679 0.0075 0.0074962518740629685
2 0.34 0.08245877061469266 0.0075 0.0074962518740629685
3 0.35375 0.1686656671664168 0.01625 0.026986506746626688
2 0.18125 0.6559220389805097 0.0075 0.0074962518740629685
3 0.208125 0.5772113943028486 0.01625 0.07646176911544228
3 0.285 0.512743628185907 0.01625 0.022488755622188907
3 0.235 0.8058470764617691 0.01625 0.020989505247376312
3 0.25875 0.6761619190404797 0.02375 0.035982008995502246
3 0.3175 0.33808095952023987 0.0225 0.031484257871064465
2 0.224375 0.41529235382308843 0.01 0.01199400299850075
2 0.62625 0.14167916041979012 0.0075 0.01199400299850075
3 0.170625 0.7886056971514243 0.0125 0.03298350824587706
2 0.171875 0.7886056971514243 0.005 0.01199400299850075
3 0.153125 0.29610194902548725 0.0125 0.038980509745127435
3 0.244375 0.36806596701649175 0.0125 0.03298350824587706
3 0.268125 0.2436281859070465 0.015 0.044977511244377814
3 0.30375 0.07796101949025487 0.0175 0.038980509745127435
2 0.7475 0.2623688155922039 0.0175 0.022488755622188907
2 0.759375 0.1679160419790105 0.02 0.019490254872563718
3 0.819375 0.07721139430284858 0.05375 0.06296851574212893
3 0.748125 0.0472263868065967 0.03375 0.041979010494752625