2 0.350625 0.6611694152923538 0.05 0.06296851574212893
2 0.49625 0.671664167916042 0.03125 0.034482758620689655
0 0.929375 0.5742128935532234 0.05625 0.050974512743628186
2 0.161875 0.8515742128935532 0.19625 0.08545727136431784
0 0.0275 0.6409295352323838 0.055 0.0944527736131934
2 0.374375 0.49250374812593706 0.03375 0.037481259370314844
2 0.40625 0.30134932533733133 0.0275 0.025487256371814093
2 0.870625 0.4070464767616192 0.01875 0.022488755622188907
2 0.838125 0.31859070464767614 0.02125 0.025487256371814093
2 0.785 0.18215892053973012 0.01375 0.01199400299850075
2 0.76625 0.13493253373313344 0.015 0.01649175412293853
0 0.71125 0.011244377811094454 0.03 0.020989505247376312
0 0.863125 0.010494752623688156 0.02625 0.020989505247376312
2 0.899375 0.06671664167916042 0.015 0.008995502248875561
2 0.91 0.08095952023988005 0.01375 0.005997001499250375
2 0.963125 0.14167916041979012 0.01375 0.010494752623688156
2 0.993125 0.1911544227886057 0.01125 0.019490254872563718
2 0.4425 0.10944527736131934 0.02375 0.019490254872563718
2 0.449375 0.06296851574212893 0.01375 0.01199400299850075
2 0.5175 0.035982008995502246 0.02 0.01199400299850075
2 0.403125 0.050974512743628186 0.025 0.01649175412293853
2 0.376875 0.10494752623688156 0.02375 0.025487256371814093
2 0.385625 0.17916041979010494 0.02125 0.025487256371814093
2 0.53625 0.15967016491754124 0.02375 0.025487256371814093
2 0.540625 0.08320839580209895 0.01875 0.019490254872563718
2 0.361875 0.19490254872563717 0.00875 0.010494752623688156
3 0.281875 0.1446776611694153 0.01875 0.02848575712143928
3 0.290625 0.18590704647676162 0.015 0.02848575712143928
3 0.29625 0.22488755622188905 0.015 0.02848575712143928
1 0.208125 0.32008995502248877 0.06125 0.12743628185907047
2 0.19125 0.5179910044977512 0.01 0.019490254872563718
0 0.263125 0.07196401799100449 0.025 0.025487256371814093
2 0.685625 0.08920539730134933 0.01 0.01649175412293853
2 0.685 0.11019490254872563 0.015 0.013493253373313344
2 0.399375 0.861319340329835 0.01875 0.01649175412293853
2 0.76625 0.8260869565217391 0.0175 0.019490254872563718
0 0.4525 0.034482758620689655 0.02375 0.020989505247376312
2 0.796875 0.0704647676161919 0.0725 0.08845577211394302
2 0.945625 0.4460269865067466 0.01875 0.022488755622188907
0 0.17875 0.56071964017991 0.02875 0.038980509745127435