0 0.135 0.04047976011994003 0.03375 0.038980509745127435
2 0.12875 0.12893553223388307 0.01375 0.014992503748125937
2 0.1225 0.1934032983508246 0.015 0.014992503748125937
1 0.195 0.6461769115442278 0.0325 0.046476761619190406
2 0.1675 0.6341829085457271 0.04 0.1424287856071964
0 0.18 0.47976011994003 0.03125 0.0239880059970015
0 0.2 0.5022488755622189 0.0275 0.020989505247376312
0 0.54125 0.20089955022488756 0.01625 0.031484257871064465
2 0.54625 0.2638680659670165 0.01125 0.01199400299850075
2 0.5575 0.33883058470764615 0.015 0.017991004497751123
2 0.59125 0.5652173913043478 0.01625 0.019490254872563718
2 0.6125 0.7151424287856072 0.015 0.01649175412293853
2 0.45875 0.09745127436281859 0.02625 0.022488755622188907
2 0.46375 0.15592203898050974 0.02 0.019490254872563718
2 0.61125 0.16041979010494753 0.01875 0.01649175412293853
2 0.61875 0.10944527736131934 0.02 0.017991004497751123
2 0.17 0.20389805097451275 0.0375 0.12143928035982009
2 0.2 0.08545727136431784 0.07 0.044977511244377814
1 0.755 0.4302848575712144 0.03125 0.0704647676161919
0 0.1825 0.3373313343328336 0.02375 0.019490254872563718
0 0.3175 0.14392803598200898 0.025 0.022488755622188907
0 0.8225 0.5652173913043478 0.025 0.029985007496251874
2 0.81375 0.5247376311844077 0.015 0.01649175412293853
2 0.535 0.12143928035982009 0.1025 0.0704647676161919
2 0.19625 0.6416791604197901 0.0125 0.010494752623688156
2 0.14625 0.5112443778110944 0.01375 0.019490254872563718
3 0.69625 0.1889055472263868 0.01875 0.022488755622188907
3 0.70625 0.1619190404797601 0.01875 0.017991004497751123
3 0.71625 0.12893553223388307 0.01625 0.025487256371814093
0 0.73375 0.191904047976012 0.0125 0.020989505247376312