0 0.116875 0.05239520958083832 0.035 0.040419161676646706
2 0.115625 0.13997005988023953 0.015 0.017964071856287425
2 0.1125 0.20508982035928144 0.01625 0.017964071856287425
1 0.205 0.657185628742515 0.035 0.04940119760479042
2 0.175625 0.6459580838323353 0.04625 0.14820359281437126
0 0.1825 0.49176646706586824 0.0325 0.02694610778443114
0 0.201875 0.5112275449101796 0.02875 0.023952095808383235
0 0.526875 0.19835329341317365 0.0175 0.03293413173652695
2 0.535625 0.26122754491017963 0.01125 0.011976047904191617
2 0.55 0.33532934131736525 0.01625 0.020958083832335328
2 0.5925 0.5606287425149701 0.0175 0.02245508982035928
2 0.620625 0.7110778443113772 0.01625 0.019461077844311378
2 0.44125 0.09655688622754491 0.0275 0.025449101796407185
2 0.45 0.15494011976047903 0.02125 0.02245508982035928
2 0.59625 0.15494011976047903 0.02 0.019461077844311378
2 0.6 0.10329341317365269 0.02125 0.020958083832335328
2 0.159375 0.21407185628742514 0.0425 0.12574850299401197
2 0.18375 0.09505988023952096 0.07125 0.05089820359281437
1 0.75 0.41916167664670656 0.03375 0.0748502994011976
0 0.17875 0.3473053892215569 0.025 0.02245508982035928
0 0.30375 0.14895209580838323 0.02625 0.025449101796407185
0 0.823125 0.5516467065868264 0.02625 0.03143712574850299
2 0.8125 0.5119760479041916 0.01625 0.019461077844311378
2 0.518125 0.11901197604790419 0.105 0.07934131736526946
2 0.205625 0.6526946107784432 0.0125 0.010479041916167664
2 0.15 0.5224550898203593 0.015 0.02245508982035928
3 0.681875 0.18113772455089822 0.02 0.025449101796407185
3 0.689375 0.1534431137724551 0.02 0.020958083832335328
3 0.698125 0.11976047904191617 0.0175 0.02844311377245509
0 0.716875 0.18188622754491018 0.01375 0.02245508982035928