2 0.376875 0.6482035928143712 0.05375 0.06437125748502993
2 0.525 0.6706586826347305 0.0325 0.0344311377245509
0 0.944375 0.6092814371257484 0.06 0.05239520958083832
2 0.216875 0.8241017964071856 0.20375 0.08982035928143713
0 0.043125 0.5980538922155688 0.0625 0.09431137724550898
2 0.371875 0.47979041916167664 0.035 0.0374251497005988
2 0.37375 0.2911676646706587 0.02875 0.025449101796407185
2 0.858125 0.437874251497006 0.02 0.023952095808383235
2 0.810625 0.3473053892215569 0.02125 0.025449101796407185
2 0.735625 0.20434131736526945 0.01375 0.01347305389221557
2 0.70875 0.156437125748503 0.01625 0.017964071856287425
0 0.633125 0.02694610778443114 0.0325 0.020958083832335328
0 0.784375 0.0344311377245509 0.02625 0.02844311377245509
2 0.831875 0.09730538922155689 0.015 0.010479041916167664
2 0.84375 0.11452095808383234 0.01375 0.0074850299401197605
2 0.908125 0.18038922155688622 0.01375 0.011976047904191617
2 0.949375 0.23203592814371257 0.02 0.019461077844311378
2 0.3775 0.10179640718562874 0.02625 0.019461077844311378
2 0.376875 0.05538922155688623 0.01375 0.01347305389221557
2 0.4425 0.0344311377245509 0.02 0.011976047904191617
2 0.33 0.040419161676646706 0.02625 0.016467065868263474
2 0.31125 0.09281437125748503 0.025 0.025449101796407185
2 0.331875 0.16691616766467066 0.02125 0.025449101796407185
2 0.48125 0.1601796407185629 0.025 0.025449101796407185
2 0.473125 0.08383233532934131 0.02 0.020958083832335328
2 0.31125 0.18038922155688622 0.01 0.010479041916167664
3 0.2225 0.12425149700598802 0.01875 0.029940119760479042
3 0.236875 0.16691616766467066 0.015 0.02844311377245509
3 0.25 0.20508982035928144 0.015 0.02844311377245509
1 0.17625 0.2926646706586826 0.06375 0.12874251497005987
2 0.1925 0.49101796407185627 0.0125 0.019461077844311378
0 0.191875 0.04940119760479042 0.02625 0.025449101796407185
2 0.62 0.10329341317365269 0.0125 0.016467065868263474
2 0.62375 0.12425149700598802 0.015 0.016467065868263474
2 0.458125 0.8525449101796407 0.02 0.017964071856287425
2 0.82125 0.8488023952095808 0.01875 0.020958083832335328
0 0.375625 0.02694610778443114 0.02625 0.020958083832335328
2 0.729375 0.09505988023952096 0.07625 0.08982035928143713
2 0.94 0.4842814371257485 0.02 0.023952095808383235