2 0.194375 0.31259370314842577 0.02375 0.02848575712143928
2 0.480625 0.5734632683658171 0.0175 0.017991004497751123
3 0.4675 0.5862068965517241 0.0325 0.07946026986506746
3 0.509375 0.618440779610195 0.10875 0.029985007496251874
1 0.734375 0.2151424287856072 0.13 0.23088455772113944
0 0.704375 0.2946026986506747 0.03 0.02848575712143928
0 0.763125 0.21739130434782608 0.0375 0.02848575712143928
0 0.736875 0.12968515742128936 0.0325 0.034482758620689655
0 0.688125 0.21139430284857572 0.02625 0.0239880059970015
2 0.723125 0.17391304347826086 0.015 0.020989505247376312
2 0.71875 0.2368815592203898 0.00875 0.01649175412293853
2 0.745 0.20014992503748125 0.00875 0.01649175412293853
2 0.741875 0.25862068965517243 0.01375 0.0239880059970015
2 0.860625 0.2593703148425787 0.00875 0.01199400299850075
2 0.824375 0.12518740629685157 0.01125 0.0074962518740629685
3 0.82 0.13568215892053972 0.0375 0.020989505247376312
1 0.355 0.08170914542728636 0.02625 0.07646176911544228
1 0.56875 0.0712143928035982 0.05 0.13043478260869565
2 0.564375 0.09820089955022489 0.0075 0.008995502248875561
2 0.35625 0.0727136431784108 0.01 0.008995502248875561
3 0.5775 0.020239880059970013 0.025 0.01649175412293853
2 0.55625 0.12143928035982009 0.00625 0.005997001499250375
2 0.64125 0.3568215892053973 0.00375 0.004497751124437781
2 0.603125 0.12668665667166418 0.0025 0.004497751124437781
3 0.5875 0.11244377811094453 0.015 0.031484257871064465
3 0.685 0.8313343328335832 0.01625 0.049475262368815595
2 0.670625 0.7661169415292354 0.005 0.0074962518740629685
2 0.696875 0.7631184407796102 0.0075 0.008995502248875561
3 0.24 0.5119940029985007 0.02625 0.09895052473763119
2 0.196875 0.6649175412293853 0.0125 0.010494752623688156