2 0.17875 0.28967065868263475 0.0225 0.02694610778443114
2 0.48625 0.5703592814371258 0.0175 0.017964071856287425
3 0.47375 0.5845808383233533 0.03125 0.07934131736526946
3 0.519375 0.6182634730538922 0.1075 0.02694610778443114
1 0.711875 0.23053892215568864 0.12625 0.23502994011976047
0 0.688125 0.30763473053892215 0.02875 0.02694610778443114
0 0.740625 0.2342814371257485 0.035 0.02694610778443114
0 0.706875 0.1437125748502994 0.03125 0.0344311377245509
0 0.665625 0.22380239520958084 0.02625 0.02245508982035928
2 0.69625 0.18862275449101795 0.015 0.020958083832335328
2 0.6975 0.25149700598802394 0.00875 0.016467065868263474
2 0.721875 0.21706586826347304 0.00875 0.016467065868263474
2 0.7225 0.27395209580838326 0.0125 0.023952095808383235
2 0.84125 0.28293413173652693 0.00875 0.01347305389221557
3 0.7925 0.1631736526946108 0.0375 0.020958083832335328
1 0.32125 0.07110778443113773 0.025 0.07634730538922156
1 0.535 0.07410179640718563 0.0475 0.1347305389221557
2 0.531875 0.10104790419161677 0.0075 0.008982035928143712
2 0.3225 0.06212574850299401 0.01 0.008982035928143712
3 0.539375 0.02470059880239521 0.025 0.014970059880239521
2 0.524375 0.125 0.00625 0.005988023952095809
2 0.630625 0.3652694610778443 0.00375 0.004491017964071856
2 0.573125 0.1317365269461078 0.0025 0.004491017964071856
3 0.555625 0.11676646706586827 0.01375 0.03293413173652695
3 0.7125 0.844311377245509 0.01625 0.04940119760479042
2 0.6925 0.7776946107784432 0.005 0.0074850299401197605
2 0.71875 0.7754491017964071 0.0075 0.008982035928143712
3 0.24 0.49326347305389223 0.025 0.10029940119760479
2 0.20875 0.6422155688622755 0.0125 0.011976047904191617