0 0.048125 0.6446776611694153 0.04625 0.049475262368815595
2 0.519375 0.48650674662668664 0.03875 0.046476761619190406
3 0.46375 0.6634182908545727 0.03 0.15892053973013492
3 0.595 0.6679160419790104 0.055 0.13943028485757122
2 0.87875 0.7278860569715142 0.015 0.019490254872563718
2 0.180625 0.2436281859070465 0.01375 0.010494752623688156
2 0.2 0.1904047976011994 0.01625 0.01199400299850075
2 0.34625 0.14392803598200898 0.0075 0.008995502248875561
2 0.426875 0.17316341829085458 0.00625 0.0074962518740629685
2 0.43125 0.20464767616191903 0.0075 0.004497751124437781
1 0.420625 0.14167916041979012 0.04125 0.15892053973013492
0 0.41625 0.07721139430284858 0.015 0.01649175412293853
1 0.34 0.10944527736131934 0.035 0.10494752623688156
1 0.27875 0.1911544227886057 0.06875 0.05547226386806597
2 0.28625 0.1926536731634183 0.015 0.01199400299850075
2 0.28125 0.24287856071964017 0.01125 0.008995502248875561
2 0.27125 0.2848575712143928 0.01125 0.010494752623688156
2 0.171875 0.29535232383808097 0.0125 0.008995502248875561
2 0.16375 0.31784107946026985 0.015 0.010494752623688156
0 0.258125 0.047976011994003 0.02875 0.025487256371814093
0 0.11875 0.05547226386806597 0.0275 0.026986506746626688
2 0.14 0.3493253373313343 0.01625 0.01199400299850075
2 0.11125 0.43478260869565216 0.01875 0.017991004497751123
0 0.18 0.4062968515742129 0.02625 0.031484257871064465
0 0.213125 0.2886056971514243 0.02625 0.03298350824587706
2 0.18 0.4917541229385307 0.01625 0.0239880059970015
2 0.50375 0.29310344827586204 0.03125 0.02848575712143928
2 0.49 0.10569715142428786 0.01875 0.010494752623688156
2 0.485625 0.05697151424287856 0.01125 0.0074962518740629685
2 0.886875 0.280359820089955 0.02375 0.020989505247376312
2 0.6175 0.012743628185907047 0.01 0.010494752623688156
1 0.715 0.24512743628185907 0.0475 0.07196401799100449
2 0.716875 0.23013493253373313 0.0125 0.008995502248875561
2 0.2425 0.10869565217391304 0.0075 0.008995502248875561
2 0.235625 0.12293853073463268 0.00875 0.0074962518740629685
2 0.26375 0.10944527736131934 0.09 0.07196401799100449
2 0.389375 0.8583208395802099 0.015 0.0074962518740629685