3 0.7025 0.47155688622754494 0.0275 0.0074850299401197605
3 0.62625 0.4655688622754491 0.0125 0.0074850299401197605
3 0.7725 0.4820359281437126 0.01625 0.005988023952095809
3 0.6025 0.4416167664670659 0.00875 0.017964071856287425
3 0.59125 0.3562874251497006 0.00625 0.011976047904191617
3 0.5825 0.2874251497005988 0.01 0.016467065868263474
3 0.5675 0.17964071856287425 0.0175 0.020958083832335328
3 0.45 0.11377245508982035 0.025 0.016467065868263474
3 0.36125 0.10778443113772455 0.0175 0.010479041916167664
2 0.1725 0.15868263473053892 0.00625 0.005988023952095809
2 0.22375 0.1661676646706587 0.0075 0.0074850299401197605
2 0.21625 0.06287425149700598 0.0075 0.0074850299401197605
3 0.255 0.15119760479041916 0.01625 0.02694610778443114
2 0.22125 0.6272455089820359 0.0075 0.0074850299401197605
3 0.22625 0.5508982035928144 0.01375 0.0748502994011976
3 0.28625 0.49251497005988026 0.0175 0.02245508982035928
3 0.32 0.7844311377245509 0.0175 0.020958083832335328
3 0.30625 0.6541916167664671 0.0225 0.03293413173652695
3 0.2675 0.3188622754491018 0.02125 0.02844311377245509
2 0.195 0.38922155688622756 0.01 0.010479041916167664
3 0.18875 0.218562874251497 0.01375 0.04341317365269461
3 0.17875 0.05538922155688623 0.0175 0.0374251497005988
2 0.6825 0.28293413173652693 0.01875 0.02245508982035928
2 0.6675 0.18862275449101795 0.02 0.019461077844311378
3 0.70125 0.10179640718562874 0.055 0.059880239520958084
3 0.62 0.0658682634730539 0.0325 0.038922155688622756