3 0.70625 0.46107784431137727 0.025 0.0074850299401197605
3 0.63 0.45808383233532934 0.0125 0.0074850299401197605
3 0.77625 0.46706586826347307 0.015 0.005988023952095809
3 0.60875 0.4356287425149701 0.0075 0.016467065868263474
3 0.605 0.3502994011976048 0.005 0.011976047904191617
3 0.6025 0.281437125748503 0.00875 0.014970059880239521
3 0.5975 0.17365269461077845 0.01625 0.019461077844311378
3 0.48625 0.11377245508982035 0.0225 0.014970059880239521
3 0.3975 0.1122754491017964 0.01625 0.010479041916167664
2 0.2025 0.17365269461077845 0.005 0.005988023952095809
2 0.25375 0.1781437125748503 0.00625 0.0074850299401197605
2 0.255 0.0748502994011976 0.00625 0.0074850299401197605
3 0.28625 0.16167664670658682 0.015 0.025449101796407185
2 0.2075 0.6437125748502994 0.00625 0.0074850299401197605
3 0.22 0.5658682634730539 0.01375 0.07035928143712575
3 0.285 0.5044910179640718 0.01625 0.020958083832335328
3 0.2925 0.7964071856287425 0.01625 0.019461077844311378
3 0.29 0.6661676646706587 0.02125 0.03143712574850299
3 0.2825 0.32934131736526945 0.02 0.02694610778443114
2 0.20375 0.4041916167664671 0.00875 0.010479041916167664
2 0.5575 0.14520958083832336 0.00625 0.010479041916167664
3 0.22375 0.7754491017964071 0.01 0.029940119760479042
2 0.225 0.7754491017964071 0.005 0.010479041916167664
3 0.1075 0.281437125748503 0.01 0.03592814371257485
3 0.215 0.3562874251497006 0.01 0.029940119760479042
3 0.21375 0.23353293413173654 0.01375 0.041916167664670656
3 0.21875 0.0688622754491018 0.01625 0.03592814371257485
2 0.70375 0.27095808383233533 0.0175 0.020958083832335328
2 0.6975 0.17664670658682635 0.01875 0.017964071856287425
3 0.74 0.08832335329341318 0.05 0.05688622754491018
3 0.66125 0.05538922155688623 0.03 0.0374251497005988