0 0.020625 0.6874062968515742 0.04125 0.049475262368815595
2 0.5225 0.48425787106446777 0.04125 0.044977511244377814
3 0.42875 0.6686656671664168 0.02875 0.1619190404797601
3 0.55875 0.6611694152923538 0.05625 0.1409295352323838
2 0.83125 0.6956521739130435 0.0175 0.019490254872563718
2 0.23375 0.27136431784107945 0.01625 0.01199400299850075
2 0.265 0.2158920539730135 0.01875 0.013493253373313344
2 0.42125 0.15592203898050974 0.00875 0.008995502248875561
2 0.4975 0.17841079460269865 0.0075 0.0074962518740629685
2 0.495 0.2098950524737631 0.00875 0.004497751124437781
1 0.4975 0.1469265367316342 0.04125 0.1619190404797601
0 0.50625 0.08245877061469266 0.0175 0.01649175412293853
1 0.4225 0.12143928035982009 0.03625 0.10494752623688156
1 0.34375 0.2098950524737631 0.075 0.053973013493253376
2 0.35125 0.2098950524737631 0.0175 0.013493253373313344
2 0.335 0.2608695652173913 0.0125 0.008995502248875561
2 0.31625 0.30434782608695654 0.0125 0.01199400299850075
2 0.215 0.3238380809595202 0.01375 0.008995502248875561
2 0.20125 0.34782608695652173 0.0175 0.01199400299850075
0 0.35375 0.06746626686656672 0.03 0.0239880059970015
0 0.2125 0.08845577211394302 0.02875 0.025487256371814093
2 0.17 0.3823088455772114 0.01875 0.013493253373313344
2 0.1225 0.4707646176911544 0.02 0.017991004497751123
0 0.19875 0.43478260869565216 0.0275 0.031484257871064465
0 0.2575 0.3148425787106447 0.0275 0.03298350824587706
2 0.18125 0.52023988005997 0.0175 0.0239880059970015
2 0.5475 0.29235382308845576 0.0325 0.026986506746626688
2 0.575 0.10494752623688156 0.02 0.01199400299850075
2 0.58125 0.05547226386806597 0.0125 0.0074962518740629685
2 0.93625 0.24437781109445278 0.02625 0.019490254872563718
2 0.7225 0.0022488755622188904 0.01 0.004497751124437781
1 0.77 0.22488755622188905 0.05 0.0734632683658171
2 0.77375 0.2098950524737631 0.01375 0.008995502248875561
2 0.064375 0.16266866566716642 0.01875 0.020989505247376312
2 0.325 0.13043478260869565 0.00875 0.008995502248875561
2 0.315 0.1454272863568216 0.01 0.0074962518740629685
2 0.34625 0.12893553223388307 0.0975 0.07196401799100449
2 0.31125 0.8695652173913043 0.0175 0.0074962518740629685