2 0.66625 0.8305847076461769 0.0525 0.05847076461769116
2 0.27875 0.8185907046476761 0.015 0.01649175412293853
2 0.25625 0.631184407796102 0.0175 0.019490254872563718
2 0.21375 0.2413793103448276 0.00625 0.005997001499250375
2 0.1625 0.25037481259370314 0.03375 0.026986506746626688
1 0.12 0.4482758620689655 0.0575 0.04047976011994003
1 0.02375 0.6019490254872564 0.0475 0.10944527736131934
2 0.01375 0.6191904047976012 0.0175 0.01649175412293853
2 0.23 0.7796101949025487 0.01125 0.01199400299850075
1 0.2975 0.7481259370314842 0.07375 0.11244377811094453
0 0.28125 0.5247376311844077 0.02625 0.019490254872563718
0 0.2925 0.4497751124437781 0.025 0.020989505247376312
0 0.28125 0.4032983508245877 0.02125 0.0239880059970015
1 0.37375 0.1679160419790105 0.05125 0.08545727136431784
2 0.37 0.1424287856071964 0.0075 0.005997001499250375
2 0.9375 0.24587706146926536 0.01 0.008995502248875561
2 0.9275 0.19790104947526238 0.01125 0.010494752623688156
0 0.9175 0.13043478260869565 0.02 0.025487256371814093
1 0.88875 0.26686656671664166 0.06875 0.08245877061469266
0 0.86375 0.21139430284857572 0.02125 0.020989505247376312
2 0.71125 0.31334332833583206 0.01125 0.010494752623688156
2 0.7175 0.3733133433283358 0.01125 0.01199400299850075
0 0.9325 0.3568215892053973 0.015 0.019490254872563718
0 0.91 0.3793103448275862 0.02 0.019490254872563718
0 0.9225 0.4737631184407796 0.015 0.01649175412293853
0 0.94625 0.4527736131934033 0.02 0.0239880059970015
2 0.89875 0.4662668665667166 0.00875 0.0074962518740629685
2 0.90375 0.487256371814093 0.01 0.01199400299850075
1 0.96 0.5652173913043478 0.05625 0.10044977511244378
2 0.6025 0.3058470764617691 0.00375 0.005997001499250375
2 0.73 0.5487256371814093 0.01125 0.01649175412293853
2 0.735 0.6581709145427287 0.01125 0.013493253373313344