0 0.02625 0.6731634182908546 0.0475 0.047976011994003
2 0.52125 0.48425787106446777 0.03875 0.043478260869565216
3 0.44 0.6671664167916042 0.02625 0.15742128935532235
3 0.57125 0.6626686656671664 0.0525 0.13793103448275862
2 0.84875 0.704647676161919 0.01625 0.019490254872563718
2 0.215 0.2638680659670165 0.015 0.010494752623688156
2 0.2425 0.20839580209895053 0.0175 0.01199400299850075
2 0.395 0.15292353823088456 0.0075 0.008995502248875561
2 0.4725 0.17691154422788605 0.00625 0.0074962518740629685
2 0.4725 0.20839580209895053 0.0075 0.004497751124437781
1 0.47125 0.1454272863568216 0.03875 0.15742128935532235
0 0.475 0.08095952023988005 0.01625 0.01649175412293853
1 0.39375 0.1184407796101949 0.03375 0.10194902548725637
1 0.32125 0.20389805097451275 0.07 0.05247376311844078
2 0.32875 0.20539730134932535 0.01625 0.01199400299850075
2 0.31625 0.25487256371814093 0.0125 0.008995502248875561
2 0.30125 0.29985007496251875 0.0125 0.010494752623688156
2 0.2 0.3148425787106447 0.01375 0.008995502248875561
2 0.18875 0.3403298350824588 0.01625 0.010494752623688156
0 0.32125 0.06296851574212893 0.02875 0.0239880059970015
0 0.18 0.07946026986506746 0.02625 0.025487256371814093
2 0.16 0.37181409295352325 0.0175 0.01199400299850075
2 0.11875 0.46026986506746626 0.01875 0.017991004497751123
0 0.19125 0.4257871064467766 0.025 0.029985007496251874
0 0.24125 0.3073463268365817 0.025 0.031484257871064465
2 0.18 0.5112443778110944 0.01625 0.0239880059970015
2 0.5325 0.29235382308845576 0.03125 0.026986506746626688
2 0.545 0.10494752623688156 0.01875 0.010494752623688156
2 0.5475 0.05547226386806597 0.0125 0.0074962518740629685
2 0.91875 0.25487256371814093 0.02375 0.019490254872563718
2 0.68625 0.004497751124437781 0.0075 0.0074962518740629685
1 0.75125 0.23088455772113944 0.0475 0.0704647676161919
2 0.75375 0.2158920539730135 0.01375 0.008995502248875561
2 0.035625 0.14917541229385306 0.0175 0.020989505247376312
2 0.29625 0.12443778110944528 0.0075 0.008995502248875561
2 0.2875 0.13943028485757122 0.01 0.0074962518740629685
2 0.3175 0.12443778110944528 0.09125 0.06896551724137931
2 0.33875 0.8665667166416792 0.01625 0.0074962518740629685