2 0.345625 0.6491754122938531 0.04875 0.06296851574212893
2 0.49 0.671664167916042 0.03125 0.034482758620689655
0 0.9225 0.6101949025487257 0.05625 0.050974512743628186
2 0.150625 0.8253373313343328 0.19375 0.08545727136431784
0 0.026875 0.6011994002998501 0.05375 0.095952023988006
2 0.375625 0.48050974512743627 0.03375 0.037481259370314844
2 0.415 0.29160419790104947 0.0275 0.025487256371814093
2 0.87125 0.43853073463268366 0.01875 0.022488755622188907
2 0.843125 0.34707646176911544 0.02125 0.025487256371814093
2 0.795625 0.20539730134932535 0.0125 0.01199400299850075
2 0.77875 0.15667166416791603 0.01375 0.01649175412293853
0 0.73 0.02623688155922039 0.03 0.020989505247376312
0 0.879375 0.03298350824587706 0.025 0.02848575712143928
2 0.91375 0.09745127436281859 0.01375 0.008995502248875561
2 0.923125 0.11319340329835083 0.0125 0.005997001499250375
2 0.97375 0.17991004497751126 0.0125 0.010494752623688156
2 0.9975 0.23088455772113944 0.0025 0.020989505247376312
2 0.458125 0.10194902548725637 0.02375 0.019490254872563718
2 0.466875 0.05622188905547226 0.0125 0.01199400299850075
2 0.53625 0.03523238380809595 0.02 0.01199400299850075
2 0.421875 0.04047976011994003 0.025 0.01649175412293853
2 0.393125 0.09220389805097451 0.02375 0.025487256371814093
2 0.39875 0.1671664167916042 0.02125 0.025487256371814093
2 0.55 0.1619190404797601 0.02375 0.025487256371814093
2 0.556875 0.08545727136431784 0.01875 0.019490254872563718
2 0.375625 0.18140929535232383 0.00875 0.010494752623688156
3 0.2975 0.12593703148425786 0.01875 0.02848575712143928
3 0.30375 0.1664167916041979 0.01375 0.02848575712143928
3 0.30875 0.20539730134932535 0.01375 0.02848575712143928
1 0.2175 0.2938530734632684 0.06 0.12743628185907047
2 0.193125 0.49250374812593706 0.01 0.019490254872563718
0 0.281875 0.049475262368815595 0.025 0.025487256371814093
2 0.7 0.10194902548725637 0.01 0.01649175412293853
2 0.699375 0.12293853073463268 0.01375 0.013493253373313344
2 0.38625 0.8553223388305847 0.01875 0.01649175412293853
2 0.750625 0.8508245877061469 0.01625 0.019490254872563718
0 0.47125 0.027736131934032984 0.02375 0.020989505247376312
2 0.8125 0.09295352323838081 0.07125 0.08845577211394302
2 0.945 0.4835082458770615 0.01875 0.022488755622188907
0 0.178125 0.5337331334332833 0.02875 0.038980509745127435