2 0.461875 0.27811094452773616 0.01 0.010494752623688156
2 0.574375 0.2938530734632684 0.01125 0.013493253373313344
2 0.575625 0.36431784107946025 0.0125 0.01199400299850075
2 0.57625 0.5772113943028486 0.01875 0.017991004497751123
2 0.575625 0.717391304347826 0.015 0.017991004497751123
1 0.388125 0.21139430284857572 0.03 0.07196401799100449
0 0.763125 0.18515742128935533 0.01875 0.025487256371814093
2 0.81625 0.1664167916041979 0.01375 0.013493253373313344
2 0.82625 0.22113943028485758 0.01375 0.013493253373313344
1 0.78125 0.24212893553223389 0.07 0.05697151424287856
2 0.76875 0.2436281859070465 0.0075 0.0074962518740629685
0 0.81875 0.5089955022488756 0.02 0.022488755622188907
0 0.80625 0.38980509745127434 0.0175 0.020989505247376312
2 0.79375 0.4962518740629685 0.015 0.01199400299850075
2 0.794375 0.5217391304347826 0.01 0.013493253373313344
2 0.8 0.29685157421289354 0.01125 0.014992503748125937
2 0.770625 0.29610194902548725 0.01 0.013493253373313344
2 0.768125 0.27511244377811095 0.0075 0.005997001499250375
2 0.270625 0.9760119940029985 0.06125 0.044977511244377814
0 0.805625 0.08245877061469266 0.02625 0.031484257871064465
1 0.36125 0.7533733133433284 0.06875 0.08095952023988005
2 0.385 0.2368815592203898 0.01 0.0074962518740629685
2 0.446875 0.2098950524737631 0.0075 0.0074962518740629685
2 0.466875 0.2151424287856072 0.00625 0.0074962518740629685
1 0.6525 0.15292353823088456 0.04625 0.09895052473763119
1 0.71375 0.15817091454272864 0.05 0.08995502248875563
0 0.8975 0.7526236881559221 0.04375 0.038980509745127435