0 0.420625 0.30359820089955025 0.025 0.03298350824587706
2 0.385 0.315592203898051 0.0225 0.019490254872563718
0 0.34375 0.31334332833583206 0.025 0.029985007496251874
2 0.401875 0.3538230884557721 0.01125 0.01199400299850075
0 0.420625 0.3823088455772114 0.025 0.029985007496251874
2 0.184375 0.7901049475262368 0.01125 0.013493253373313344
2 0.144375 0.7773613193403298 0.00875 0.013493253373313344
3 0.785625 0.7053973013493253 0.015 0.07796101949025487
2 0.816875 0.7181409295352323 0.0125 0.013493253373313344
3 0.833125 0.7271364317841079 0.01875 0.08095952023988005
2 0.436875 0.348575712143928 0.00375 0.005997001499250375
3 0.48 0.3403298350824588 0.01125 0.043478260869565216
3 0.66375 0.32158920539730135 0.02125 0.038980509745127435
3 0.195 0.48800599700149927 0.04125 0.10044977511244378
2 0.20125 0.4827586206896552 0.03125 0.025487256371814093
2 0.3825 0.2563718140929535 0.04375 0.04047976011994003
3 0.211875 0.7728635682158921 0.0125 0.017991004497751123
3 0.148125 0.8523238380809596 0.025 0.053973013493253376
3 0.79375 0.7578710644677661 0.12 0.0239880059970015
2 0.355 0.06746626686656672 0.06625 0.07196401799100449
3 0.44625 0.25862068965517243 0.01875 0.03298350824587706
3 0.445625 0.20389805097451275 0.015 0.029985007496251874
3 0.445 0.15742128935532235 0.01125 0.02848575712143928
2 0.613125 0.13418290854572715 0.01 0.010494752623688156
2 0.706875 0.8178410794602698 0.03 0.026986506746626688
2 0.725625 0.9752623688155923 0.02875 0.029985007496251874
2 0.549375 0.4452773613193403 0.06125 0.05847076461769116
2 0.51875 0.41004497751124436 0.00625 0.005997001499250375
2 0.51125 0.3950524737631184 0.00625 0.005997001499250375
2 0.494375 0.36881559220389803 0.0125 0.008995502248875561
2 0.485 0.24962518740629686 0.00375 0.008995502248875561
2 0.5325 0.3103448275862069 0.0025 0.005997001499250375
3 0.395 0.7451274362818591 0.03375 0.01199400299850075
3 0.30125 0.7383808095952024 0.03 0.020989505247376312
1 0.6225 0.48500749625187406 0.0725 0.13793103448275862