0 0.446875 0.3095952023988006 0.02375 0.034482758620689655
2 0.41 0.32458770614692656 0.02 0.019490254872563718
0 0.36875 0.32608695652173914 0.02375 0.031484257871064465
2 0.420625 0.3613193403298351 0.01 0.01199400299850075
0 0.436875 0.38830584707646176 0.02375 0.031484257871064465
2 0.1425 0.8260869565217391 0.01 0.013493253373313344
2 0.10375 0.8170914542728636 0.0075 0.013493253373313344
3 0.759375 0.6784107946026986 0.015 0.07496251874062969
2 0.789375 0.6896551724137931 0.01125 0.013493253373313344
3 0.805 0.6964017991004497 0.0175 0.07796101949025487
2 0.455625 0.3538230884557721 0.00375 0.005997001499250375
3 0.501875 0.3403298350824588 0.01125 0.043478260869565216
3 0.689375 0.3020989505247376 0.02 0.04047976011994003
3 0.195 0.5179910044977512 0.03875 0.10044977511244378
2 0.20125 0.5134932533733133 0.02875 0.025487256371814093
2 0.415625 0.2661169415292354 0.04125 0.04047976011994003
3 0.17375 0.8065967016491754 0.01125 0.01649175412293853
3 0.096875 0.8920539730134932 0.0225 0.053973013493253376
3 0.760625 0.7308845577211395 0.10875 0.025487256371814093
2 0.41125 0.07721139430284858 0.06125 0.07196401799100449
3 0.479375 0.260119940029985 0.0175 0.03298350824587706
3 0.485 0.20614692653673164 0.015 0.029985007496251874
3 0.49125 0.15817091454272864 0.01125 0.026986506746626688
2 0.664375 0.1176911544227886 0.00875 0.010494752623688156
2 0.665 0.8013493253373314 0.0275 0.026986506746626688
2 0.66375 0.9587706146926537 0.02625 0.031484257871064465
2 0.556875 0.44002998500749624 0.055 0.05697151424287856
2 0.5125 0.36806596701649175 0.01125 0.008995502248875561
2 0.558125 0.30509745127436283 0.0025 0.005997001499250375
3 0.36125 0.7586206896551724 0.03 0.013493253373313344
3 0.2675 0.7608695652173914 0.02625 0.020989505247376312
1 0.624375 0.47301349325337333 0.0675 0.13493253373313344
2 0.524375 0.3905547226386807 0.00875 0.008995502248875561
2 0.53125 0.4062968515742129 0.00875 0.0074962518740629685