3 0.71375 0.4707646176911544 0.02625 0.008995502248875561
3 0.6375 0.46401799100449775 0.0125 0.0074962518740629685
3 0.780625 0.47976011994003 0.015 0.005997001499250375
3 0.620625 0.4407796101949025 0.00875 0.01649175412293853
3 0.634375 0.3553223388305847 0.005 0.01199400299850075
3 0.645 0.2871064467766117 0.01 0.014992503748125937
3 0.661875 0.17916041979010494 0.01625 0.019490254872563718
3 0.56125 0.11469265367316342 0.02375 0.01649175412293853
3 0.47375 0.10944527736131934 0.01625 0.010494752623688156
2 0.268125 0.16266866566716642 0.005 0.005997001499250375
2 0.316875 0.1686656671664168 0.0075 0.0074962518740629685
2 0.34 0.06596701649175413 0.0075 0.0074962518740629685
3 0.35375 0.15367316341829085 0.01625 0.025487256371814093
2 0.18125 0.6319340329835083 0.0075 0.0074962518740629685
3 0.208125 0.5547226386806596 0.01625 0.0704647676161919
3 0.285 0.4962518740629685 0.01625 0.020989505247376312
3 0.235 0.787856071964018 0.01625 0.019490254872563718
3 0.25875 0.6581709145427287 0.02375 0.03298350824587706
3 0.3175 0.32158920539730135 0.0225 0.02848575712143928
2 0.224375 0.39280359820089955 0.01 0.010494752623688156
2 0.62625 0.14917541229385306 0.0075 0.010494752623688156
3 0.170625 0.7646176911544228 0.0125 0.029985007496251874
2 0.171875 0.7646176911544228 0.005 0.010494752623688156
3 0.153125 0.2661169415292354 0.0125 0.035982008995502246
3 0.244375 0.34557721139430286 0.0125 0.029985007496251874
3 0.268125 0.22263868065967016 0.015 0.041979010494752625
3 0.30375 0.05847076461769116 0.0175 0.035982008995502246
2 0.7475 0.280359820089955 0.0175 0.020989505247376312
2 0.759375 0.18590704647676162 0.02 0.017991004497751123
3 0.819375 0.09970014992503748 0.05375 0.05847076461769116
3 0.748125 0.06371814092953523 0.03375 0.038980509745127435