0 0.123125 0.05389221556886228 0.035 0.040419161676646706
2 0.119375 0.14296407185628743 0.01375 0.014970059880239521
2 0.115 0.20808383233532934 0.015 0.014970059880239521
1 0.2025 0.6586826347305389 0.03375 0.04790419161676647
2 0.173125 0.6474550898203593 0.04375 0.14520958083832336
0 0.18125 0.49251497005988026 0.0325 0.025449101796407185
0 0.201875 0.5142215568862275 0.0275 0.02245508982035928
0 0.5325 0.19760479041916168 0.0175 0.03143712574850299
2 0.539375 0.26047904191616766 0.01125 0.011976047904191617
2 0.5525 0.33532934131736525 0.015 0.017964071856287425
2 0.591875 0.5606287425149701 0.01625 0.019461077844311378
2 0.6175 0.7103293413173652 0.015 0.016467065868263474
2 0.446875 0.09805389221556886 0.0275 0.023952095808383235
2 0.455 0.15568862275449102 0.02 0.020958083832335328
2 0.60125 0.15269461077844312 0.01875 0.016467065868263474
2 0.605625 0.10329341317365269 0.02 0.019461077844311378
2 0.163125 0.2148203592814371 0.04125 0.12275449101796407
2 0.189375 0.09655688622754491 0.07125 0.04790419161676647
1 0.75125 0.4184131736526946 0.03375 0.0718562874251497
0 0.179375 0.3495508982035928 0.02375 0.020958083832335328
0 0.3075 0.1504491017964072 0.02625 0.023952095808383235
0 0.8225 0.5508982035928144 0.02625 0.03143712574850299
2 0.8125 0.5112275449101796 0.015 0.016467065868263474
2 0.52375 0.11826347305389222 0.105 0.0748502994011976
2 0.201875 0.6541916167664671 0.0125 0.010479041916167664
2 0.149375 0.5254491017964071 0.01375 0.019461077844311378
3 0.686875 0.17964071856287425 0.02 0.02245508982035928
3 0.69625 0.15194610778443113 0.01875 0.017964071856287425
3 0.70375 0.11826347305389222 0.0175 0.025449101796407185
0 0.723125 0.17964071856287425 0.0125 0.020958083832335328