2 0.683125 0.8110944527736131 0.055 0.06296851574212893
2 0.29125 0.8343328335832084 0.0175 0.017991004497751123
2 0.259375 0.651424287856072 0.01875 0.020989505247376312
2 0.198125 0.272863568215892 0.00625 0.005997001499250375
2 0.1475 0.2848575712143928 0.035 0.02848575712143928
2 0.046875 0.32608695652173914 0.04375 0.05997001499250375
1 0.11375 0.4835082458770615 0.05875 0.044977511244377814
1 0.025 0.6424287856071964 0.05 0.11544227886056972
2 0.015 0.6604197901049476 0.01875 0.017991004497751123
2 0.240625 0.7998500749625187 0.01125 0.013493253373313344
1 0.306875 0.7631184407796102 0.07875 0.1199400299850075
0 0.279375 0.5442278860569715 0.02875 0.020989505247376312
0 0.28875 0.46926536731634183 0.02625 0.022488755622188907
0 0.275625 0.4257871064467766 0.0225 0.025487256371814093
1 0.358125 0.18515742128935533 0.055 0.08995502248875563
2 0.353125 0.16041979010494753 0.0075 0.005997001499250375
2 0.930625 0.2098950524737631 0.01 0.008995502248875561
2 0.91875 0.16491754122938532 0.01125 0.01199400299850075
0 0.905625 0.09820089955022489 0.02125 0.026986506746626688
1 0.88125 0.2353823088455772 0.07375 0.08695652173913043
0 0.85375 0.18365817091454273 0.0225 0.022488755622188907
2 0.704375 0.29760119940029983 0.01125 0.01199400299850075
2 0.713125 0.356071964017991 0.01125 0.013493253373313344
0 0.929375 0.32008995502248877 0.0175 0.020989505247376312
0 0.90875 0.34407796101949023 0.02125 0.020989505247376312
0 0.925625 0.4370314842578711 0.0175 0.017991004497751123
0 0.948125 0.41304347826086957 0.02125 0.025487256371814093
2 0.90125 0.43103448275862066 0.00875 0.0074962518740629685
2 0.9075 0.4497751124437781 0.01 0.013493253373313344
1 0.965625 0.5239880059970015 0.0575 0.10794602698650675
2 0.594375 0.29985007496251875 0.00375 0.005997001499250375
2 0.73375 0.5262368815592204 0.0125 0.01649175412293853
2 0.744375 0.6341829085457271 0.01125 0.014992503748125937