2 0.73 0.8413173652694611 0.04875 0.05538922155688623
2 0.33625 0.8083832335329342 0.015 0.014970059880239521
2 0.2775 0.6182634730538922 0.01625 0.017964071856287425
2 0.1625 0.2245508982035928 0.005 0.005988023952095809
2 0.1125 0.23053892215568864 0.03125 0.025449101796407185
2 0.0175 0.25673652694610777 0.035 0.05239520958083832
1 0.10625 0.42664670658682635 0.05375 0.038922155688622756
1 0.035 0.5748502994011976 0.04625 0.10179640718562874
2 0.03125 0.592814371257485 0.01625 0.014970059880239521
2 0.28 0.7664670658682635 0.01 0.011976047904191617
1 0.3425 0.7380239520958084 0.06875 0.1062874251497006
0 0.28375 0.5119760479041916 0.025 0.017964071856287425
0 0.28125 0.437125748502994 0.02375 0.019461077844311378
0 0.26125 0.3907185628742515 0.02 0.02245508982035928
1 0.31125 0.15868263473053892 0.0475 0.08083832335329341
2 0.3025 0.13323353293413173 0.00625 0.005988023952095809
2 0.895 0.26646706586826346 0.00875 0.008982035928143712
2 0.875 0.218562874251497 0.01 0.010479041916167664
0 0.8525 0.1497005988023952 0.01875 0.023952095808383235
1 0.84875 0.28592814371257486 0.065 0.07784431137724551
0 0.81375 0.22904191616766467 0.02 0.019461077844311378
2 0.67875 0.32335329341317365 0.01 0.010479041916167664
2 0.69625 0.38323353293413176 0.01 0.011976047904191617
0 0.91 0.3787425149700599 0.015 0.017964071856287425
0 0.8925 0.3997005988023952 0.01875 0.017964071856287425
0 0.9225 0.49550898203592814 0.015 0.014970059880239521
0 0.9425 0.47604790419161674 0.01875 0.02245508982035928
2 0.89625 0.4865269461077844 0.0075 0.0074850299401197605
2 0.905 0.5074850299401198 0.00875 0.011976047904191617
1 0.974375 0.5905688622754491 0.04875 0.09730538922155689
2 0.5675 0.30988023952095806 0.00375 0.005988023952095809
2 0.74125 0.5598802395209581 0.01 0.014970059880239521
2 0.7675 0.6706586826347305 0.01 0.01347305389221557