3 0.71375 0.44227886056971516 0.02625 0.008995502248875561
3 0.6375 0.4460269865067466 0.0125 0.0074962518740629685
3 0.7825 0.44152923538230887 0.015 0.005997001499250375
3 0.619375 0.4257871064467766 0.00875 0.017991004497751123
3 0.629375 0.3403298350824588 0.00625 0.01199400299850075
3 0.6375 0.27136431784107945 0.01 0.01649175412293853
3 0.649375 0.1634182908545727 0.0175 0.020989505247376312
3 0.54625 0.11394302848575712 0.02375 0.017991004497751123
3 0.4575 0.1206896551724138 0.0175 0.010494752623688156
2 0.253125 0.20089955022488756 0.00625 0.005997001499250375
2 0.301875 0.20014992503748125 0.0075 0.0074962518740629685
2 0.32 0.0967016491754123 0.0075 0.0074962518740629685
3 0.3375 0.18065967016491755 0.0175 0.026986506746626688
2 0.184375 0.6739130434782609 0.0075 0.0074962518740629685
3 0.208125 0.5937031484257871 0.0175 0.07496251874062969
3 0.28375 0.5262368815592204 0.0175 0.022488755622188907
3 0.245 0.8185907046476761 0.0175 0.020989505247376312
3 0.26375 0.6881559220389805 0.02375 0.034482758620689655
3 0.30875 0.35082458770614694 0.0225 0.029985007496251874
2 0.2175 0.431784107946027 0.01 0.010494752623688156
2 0.613125 0.13943028485757122 0.0075 0.010494752623688156
3 0.179375 0.8035982008995503 0.0125 0.031484257871064465
2 0.180625 0.8035982008995503 0.00625 0.010494752623688156
3 0.14 0.31859070464767614 0.0125 0.037481259370314844
2 0.13875 0.32008995502248877 0.00875 0.010494752623688156
3 0.23625 0.383808095952024 0.0125 0.031484257871064465
2 0.235 0.3823088455772114 0.00875 0.008995502248875561
3 0.25375 0.260119940029985 0.015 0.043478260869565216
3 0.285 0.0952023988005997 0.01875 0.037481259370314844
2 0.740625 0.2518740629685157 0.01875 0.022488755622188907
2 0.748125 0.15742128935532235 0.02 0.019490254872563718
3 0.805625 0.06446776611694154 0.055 0.06146926536731634
3 0.731875 0.038980509745127435 0.03375 0.04047976011994003