2 0.35625 0.6377245508982036 0.05125 0.061377245508982034
2 0.50375 0.6706586826347305 0.03125 0.03293413173652695
0 0.933125 0.6407185628742516 0.0575 0.04940119760479042
2 0.17375 0.7994011976047904 0.19625 0.08532934131736528
0 0.03 0.5651197604790419 0.055 0.09131736526946108
2 0.37375 0.4708083832335329 0.03375 0.03592814371257485
2 0.398125 0.2844311377245509 0.0275 0.023952095808383235
2 0.868125 0.4648203592814371 0.02 0.02245508982035928
2 0.8325 0.3712574850299401 0.02125 0.023952095808383235
2 0.775 0.22604790419161677 0.01375 0.01347305389221557
2 0.753125 0.1751497005988024 0.01625 0.016467065868263474
0 0.69375 0.04341317365269461 0.03125 0.019461077844311378
0 0.845 0.059880239520958084 0.025 0.02694610778443114
2 0.884375 0.12649700598802396 0.015 0.010479041916167664
2 0.895 0.1437125748502994 0.01375 0.0074850299401197605
2 0.950625 0.21332335329341318 0.01375 0.011976047904191617
2 0.981875 0.26721556886227543 0.00875 0.019461077844311378
2 0.42625 0.09805389221556886 0.025 0.017964071856287425
2 0.431875 0.05239520958083832 0.01375 0.01347305389221557
2 0.49875 0.036676646706586824 0.02 0.011976047904191617
2 0.385 0.0344311377245509 0.025 0.014970059880239521
2 0.360625 0.08383233532934131 0.02375 0.023952095808383235
2 0.3725 0.15868263473053892 0.02125 0.023952095808383235
2 0.52375 0.16392215568862276 0.02375 0.023952095808383235
2 0.525625 0.0875748502994012 0.02 0.019461077844311378
2 0.349375 0.17065868263473055 0.00875 0.010479041916167664
3 0.268125 0.1092814371257485 0.01875 0.02844311377245509
3 0.27625 0.15119760479041916 0.015 0.02694610778443114
3 0.284375 0.19086826347305388 0.015 0.02694610778443114
1 0.199375 0.2717065868263473 0.0625 0.12275449101796407
2 0.190625 0.468562874251497 0.0125 0.017964071856287425
0 0.245 0.03293413173652695 0.025 0.023952095808383235
2 0.670625 0.11601796407185629 0.0125 0.014970059880239521
2 0.67125 0.13697604790419163 0.015 0.014970059880239521
2 0.4125 0.8458083832335329 0.02 0.016467065868263474
2 0.779375 0.8682634730538922 0.01875 0.019461077844311378
0 0.434375 0.023952095808383235 0.025 0.019461077844311378
2 0.781875 0.11601796407185629 0.07375 0.08532934131736528
2 0.94625 0.5157185628742516 0.02 0.02245508982035928
0 0.179375 0.5097305389221557 0.02875 0.0374251497005988