0 0.135 0.023952095808383235 0.03375 0.040419161676646706
2 0.12875 0.11077844311377245 0.01375 0.016467065868263474
2 0.1225 0.17365269461077845 0.015 0.016467065868263474
1 0.19625 0.6287425149700598 0.0325 0.04790419161676647
2 0.1675 0.6152694610778443 0.04 0.1497005988023952
0 0.18 0.4625748502994012 0.03125 0.025449101796407185
0 0.2 0.48502994011976047 0.0275 0.02245508982035928
0 0.54125 0.20508982035928144 0.01625 0.03293413173652695
2 0.54625 0.2679640718562874 0.01125 0.01347305389221557
2 0.5575 0.34281437125748504 0.015 0.019461077844311378
2 0.59125 0.5688622754491018 0.01625 0.020958083832335328
2 0.6125 0.718562874251497 0.015 0.017964071856287425
2 0.45875 0.09730538922155689 0.02625 0.023952095808383235
2 0.465 0.15568862275449102 0.02 0.020958083832335328
2 0.6125 0.16766467065868262 0.01875 0.017964071856287425
2 0.61875 0.11676646706586827 0.02 0.019461077844311378
2 0.17 0.18712574850299402 0.0375 0.12724550898203593
2 0.2 0.0718562874251497 0.07 0.04640718562874251
1 0.755 0.4431137724550898 0.03125 0.0748502994011976
0 0.18375 0.3203592814371258 0.02375 0.020958083832335328
0 0.3175 0.13622754491017963 0.025 0.023952095808383235
0 0.8225 0.5808383233532934 0.025 0.03143712574850299
2 0.81375 0.5404191616766467 0.015 0.017964071856287425
2 0.535 0.12574850299401197 0.1025 0.0748502994011976
2 0.19625 0.624251497005988 0.0125 0.011976047904191617
2 0.1475 0.49101796407185627 0.01375 0.020958083832335328
3 0.6975 0.20059880239520958 0.01875 0.023952095808383235
3 0.7075 0.1751497005988024 0.01875 0.019461077844311378
3 0.71625 0.14221556886227546 0.01625 0.02694610778443114
0 0.73375 0.20508982035928144 0.0125 0.02245508982035928