2 0.4475 0.2811094452773613 0.00875 0.010494752623688156
2 0.56125 0.29160419790104947 0.01 0.013493253373313344
2 0.566875 0.3620689655172414 0.01125 0.01199400299850075
2 0.581875 0.5719640179910045 0.02 0.019490254872563718
2 0.590625 0.7136431784107946 0.015 0.019490254872563718
1 0.36875 0.2181409295352324 0.03 0.0734632683658171
0 0.7425 0.17541229385307347 0.02 0.026986506746626688
2 0.795625 0.15442278860569716 0.0125 0.014992503748125937
2 0.808125 0.20914542728635682 0.0125 0.014992503748125937
1 0.765 0.23088455772113944 0.06875 0.05997001499250375
2 0.7525 0.2331334332833583 0.0075 0.0074962518740629685
0 0.820625 0.4955022488755622 0.02125 0.0239880059970015
0 0.799375 0.3770614692653673 0.01875 0.022488755622188907
2 0.79375 0.4835082458770615 0.01375 0.013493253373313344
2 0.7975 0.5089955022488756 0.00875 0.013493253373313344
2 0.78625 0.2848575712143928 0.01125 0.014992503748125937
2 0.7575 0.2871064467766117 0.00875 0.013493253373313344
2 0.754375 0.2646176911544228 0.0075 0.005997001499250375
2 0.303125 0.9790104947526237 0.06125 0.038980509745127435
0 0.778125 0.0712143928035982 0.0275 0.03298350824587706
1 0.3775 0.7586206896551724 0.06875 0.08395802098950525
2 0.366875 0.2436281859070465 0.00875 0.0074962518740629685
2 0.42875 0.2128935532233883 0.0075 0.0074962518740629685
2 0.4475 0.2181409295352324 0.00625 0.0074962518740629685
1 0.63 0.14842578710644677 0.04625 0.10044977511244378
1 0.69125 0.14992503748125938 0.05 0.09145427286356822
0 0.91125 0.7353823088455772 0.04375 0.04047976011994003