2 0.4425 0.27020958083832336 0.00875 0.011976047904191617
2 0.556875 0.30538922155688625 0.01 0.014970059880239521
2 0.56375 0.37574850299401197 0.0125 0.01347305389221557
2 0.58375 0.5883233532934131 0.01875 0.019461077844311378
2 0.595 0.7312874251497006 0.015 0.019461077844311378
1 0.36375 0.19086826347305388 0.03 0.07784431137724551
0 0.7375 0.2275449101796407 0.02 0.02694610778443114
2 0.789375 0.21631736526946108 0.01375 0.014970059880239521
2 0.80375 0.27395209580838326 0.01375 0.014970059880239521
1 0.760625 0.28817365269461076 0.06875 0.061377245508982034
2 0.748125 0.28592814371257486 0.0075 0.0074850299401197605
0 0.821875 0.562874251497006 0.02125 0.025449101796407185
0 0.7975 0.4393712574850299 0.0175 0.02245508982035928
2 0.794375 0.5449101796407185 0.015 0.01347305389221557
2 0.7975 0.5711077844311377 0.00875 0.014970059880239521
2 0.783125 0.3458083832335329 0.01 0.016467065868263474
2 0.754375 0.3405688622754491 0.00875 0.014970059880239521
2 0.75 0.31736526946107785 0.0075 0.005988023952095809
2 0.31125 0.9461077844311377 0.0575 0.058383233532934134
0 0.771875 0.1317365269461078 0.0275 0.0344311377245509
1 0.383125 0.7312874251497006 0.06875 0.08682634730538923
2 0.361875 0.2148203592814371 0.00875 0.0074850299401197605
2 0.4225 0.19910179640718562 0.0075 0.0074850299401197605
2 0.441875 0.20733532934131738 0.00625 0.0074850299401197605
1 0.62375 0.17664670658682635 0.04625 0.10329341317365269
1 0.685625 0.19086826347305388 0.05 0.09431137724550898
0 0.916875 0.8196107784431138 0.045 0.040419161676646706