0 0.438125 0.30164670658682635 0.02375 0.0344311377245509
2 0.4025 0.312125748502994 0.02125 0.019461077844311378
0 0.36125 0.30988023952095806 0.02375 0.03143712574850299
2 0.415625 0.35179640718562877 0.01 0.01347305389221557
0 0.431875 0.38023952095808383 0.02375 0.03143712574850299
2 0.155625 0.7799401197604791 0.01 0.014970059880239521
2 0.116875 0.7657185628742516 0.0075 0.014970059880239521
3 0.768125 0.7118263473053892 0.01375 0.07934131736526946
2 0.798125 0.7245508982035929 0.01125 0.014970059880239521
3 0.813125 0.7335329341317365 0.01625 0.08233532934131736
3 0.495 0.3398203592814371 0.01 0.04491017964071856
3 0.68125 0.3255988023952096 0.02 0.040419161676646706
3 0.195 0.47979041916167664 0.0375 0.10329341317365269
2 0.20125 0.4745508982035928 0.02875 0.025449101796407185
2 0.40625 0.25299401197604793 0.04 0.041916167664670656
3 0.185625 0.7642215568862275 0.01125 0.017964071856287425
3 0.113125 0.8405688622754491 0.02375 0.05538922155688623
3 0.77125 0.7642215568862275 0.11 0.023952095808383235
2 0.39125 0.06287425149700598 0.06125 0.0748502994011976
3 0.46875 0.25823353293413176 0.01625 0.0344311377245509
3 0.473125 0.20359281437125748 0.01375 0.03143712574850299
3 0.4775 0.15568862275449102 0.01 0.02844311377245509
2 0.648125 0.13847305389221556 0.00875 0.011976047904191617
2 0.678125 0.8211077844311377 0.0275 0.02694610778443114
2 0.683125 0.9782934131736527 0.02625 0.03143712574850299
2 0.554375 0.44610778443113774 0.05625 0.059880239520958084
2 0.52625 0.41092814371257486 0.005 0.005988023952095809
2 0.506875 0.36976047904191617 0.01125 0.008982035928143712
2 0.50875 0.24925149700598803 0.00375 0.008982035928143712
2 0.55 0.31137724550898205 0.0025 0.005988023952095809
3 0.37125 0.7410179640718563 0.03125 0.01347305389221557
3 0.2775 0.7312874251497006 0.0275 0.020958083832335328
1 0.62375 0.48877245508982037 0.06625 0.1407185628742515
2 0.520625 0.39146706586826346 0.0075 0.005988023952095809