2 0.4475 0.27961019490254874 0.00875 0.010494752623688156
2 0.56125 0.29310344827586204 0.01 0.013493253373313344
2 0.566875 0.36356821589205396 0.01125 0.01199400299850075
2 0.581875 0.5749625187406296 0.02 0.019490254872563718
2 0.590625 0.7166416791604198 0.015 0.019490254872563718
1 0.36875 0.2136431784107946 0.03 0.07196401799100449
0 0.7425 0.18140929535232383 0.02 0.026986506746626688
2 0.795625 0.1619190404797601 0.0125 0.014992503748125937
2 0.808125 0.2166416791604198 0.0125 0.014992503748125937
1 0.765 0.2383808095952024 0.06875 0.05847076461769116
2 0.7525 0.2391304347826087 0.0075 0.0074962518740629685
0 0.820625 0.5044977511244377 0.02125 0.0239880059970015
0 0.799375 0.38455772113943026 0.01875 0.022488755622188907
2 0.79375 0.4910044977511244 0.01375 0.013493253373313344
2 0.7975 0.5164917541229386 0.00875 0.013493253373313344
2 0.78625 0.29235382308845576 0.01125 0.014992503748125937
2 0.7575 0.29310344827586204 0.00875 0.013493253373313344
2 0.754375 0.27061469265367316 0.0075 0.005997001499250375
2 0.3025 0.9775112443778111 0.06 0.041979010494752625
0 0.778125 0.07871064467766117 0.0275 0.031484257871064465
1 0.3775 0.7556221889055472 0.06875 0.08245877061469266
2 0.366875 0.2391304347826087 0.00875 0.0074962518740629685
2 0.42875 0.21139430284857572 0.0075 0.0074962518740629685
2 0.4475 0.2166416791604198 0.00625 0.0074962518740629685
1 0.63 0.15142428785607195 0.04625 0.09745127436281859
1 0.69125 0.15442278860569716 0.05 0.08845577211394302
0 0.91125 0.7458770614692654 0.04375 0.038980509745127435