0 0.065 0.686377245508982 0.05 0.04790419161676647
2 0.518125 0.48353293413173654 0.0425 0.04491017964071856
3 0.476875 0.6669161676646707 0.0375 0.15119760479041916
3 0.608125 0.6586826347305389 0.06125 0.1347305389221557
2 0.894375 0.6923652694610778 0.0175 0.019461077844311378
2 0.16125 0.27320359281437123 0.015 0.011976047904191617
2 0.176875 0.21706586826347304 0.01875 0.01347305389221557
2 0.3175 0.15718562874251496 0.00875 0.008982035928143712
2 0.4 0.17889221556886228 0.00625 0.0074850299401197605
2 0.408125 0.20958083832335328 0.00875 0.004491017964071856
1 0.391875 0.1474550898203593 0.04875 0.15269461077844312
0 0.380625 0.08383233532934131 0.0175 0.016467065868263474
1 0.3075 0.12275449101796407 0.04 0.10029940119760479
1 0.255 0.21032934131736528 0.07375 0.05538922155688623
2 0.2625 0.2118263473053892 0.0175 0.01347305389221557
2 0.260625 0.26122754491017963 0.0125 0.010479041916167664
2 0.255625 0.3061377245508982 0.0125 0.011976047904191617
2 0.1575 0.3248502994011976 0.01375 0.010479041916167664
2 0.151875 0.3495508982035928 0.01625 0.011976047904191617
0 0.221875 0.06961077844311377 0.03 0.023952095808383235
0 0.085 0.09056886227544911 0.02875 0.025449101796407185
2 0.13 0.38323353293413176 0.01875 0.01347305389221557
2 0.10875 0.4708083832335329 0.02 0.017964071856287425
0 0.174375 0.43488023952095806 0.0275 0.029940119760479042
0 0.1975 0.31511976047904194 0.0275 0.03143712574850299
2 0.183125 0.5209580838323353 0.0175 0.023952095808383235
2 0.486875 0.2926646706586826 0.0325 0.02844311377245509
2 0.456875 0.10553892215568862 0.01875 0.011976047904191617
2 0.448125 0.05688622754491018 0.0125 0.008982035928143712
2 0.865 0.24251497005988024 0.02625 0.019461077844311378
2 0.575 0.0029940119760479044 0.01125 0.005988023952095809
1 0.691875 0.22380239520958084 0.0525 0.07035928143712575
2 0.69125 0.2088323353293413 0.01375 0.010479041916167664
2 0.211875 0.13248502994011976 0.00875 0.008982035928143712
2 0.20625 0.1467065868263473 0.01 0.0074850299401197605
2 0.233125 0.1309880239520958 0.0975 0.07335329341317365
2 0.42 0.8682634730538922 0.01625 0.008982035928143712