2 0.7 0.8365817091454273 0.04875 0.05997001499250375
2 0.308125 0.8163418290854573 0.01375 0.01649175412293853
2 0.266875 0.6266866566716641 0.015 0.019490254872563718
2 0.18625 0.23463268365817092 0.005 0.005997001499250375
2 0.13625 0.24287856071964017 0.03 0.026986506746626688
2 0.031875 0.27211394302848574 0.04875 0.05547226386806597
1 0.1125 0.44002998500749624 0.0525 0.041979010494752625
1 0.02875 0.5914542728635682 0.04625 0.10944527736131934
2 0.02375 0.6094452773613194 0.015 0.01649175412293853
2 0.25625 0.7743628185907047 0.01 0.01199400299850075
1 0.32125 0.7443778110944528 0.0675 0.11394302848575712
0 0.2825 0.52023988005997 0.02375 0.019490254872563718
0 0.2875 0.4452773613193403 0.0225 0.020989505247376312
0 0.271875 0.3988005997001499 0.01875 0.0239880059970015
1 0.34125 0.164167916041979 0.0475 0.08695652173913043
2 0.334375 0.1386806596701649 0.00625 0.005997001499250375
2 0.914375 0.25262368815592207 0.00875 0.008995502248875561
2 0.9 0.20614692653673164 0.01 0.010494752623688156
0 0.88375 0.13793103448275862 0.0175 0.025487256371814093
1 0.868125 0.27436281859070466 0.06375 0.08395802098950525
0 0.8375 0.2181409295352324 0.01875 0.020989505247376312
2 0.695 0.31709145427286356 0.01 0.010494752623688156
2 0.706875 0.3778110944527736 0.01 0.01199400299850075
0 0.920625 0.3658170914542729 0.01375 0.019490254872563718
0 0.9 0.3875562218890555 0.0175 0.019490254872563718
0 0.9225 0.4827586206896552 0.01375 0.01649175412293853
0 0.94375 0.4617691154422789 0.0175 0.0239880059970015
2 0.8975 0.4745127436281859 0.0075 0.0074962518740629685
2 0.905 0.4955022488755622 0.00875 0.01199400299850075
1 0.96875 0.5749625187406296 0.0525 0.10194902548725637
2 0.58375 0.3073463268365817 0.00375 0.005997001499250375
2 0.735625 0.5539730134932533 0.01 0.01649175412293853
2 0.75125 0.6634182908545727 0.01 0.013493253373313344