0 0.203125 0.08095952023988005 0.035 0.04047976011994003
2 0.184375 0.1701649175412294 0.01375 0.01649175412293853
2 0.1675 0.2368815592203898 0.015 0.01649175412293853
1 0.17 0.6851574212893553 0.03375 0.049475262368815595
2 0.143125 0.6754122938530734 0.04375 0.14842578710644677
0 0.18125 0.5187406296851574 0.0325 0.026986506746626688
0 0.196875 0.5389805097451275 0.0275 0.0239880059970015
0 0.5875 0.1934032983508246 0.0175 0.031484257871064465
2 0.584375 0.2563718140929535 0.01125 0.01199400299850075
2 0.5825 0.3313343328335832 0.015 0.019490254872563718
2 0.581875 0.5539730134932533 0.01625 0.020989505247376312
2 0.58 0.7023988005997002 0.015 0.017991004497751123
2 0.521875 0.09970014992503748 0.0275 0.025487256371814093
2 0.5175 0.15592203898050974 0.02 0.022488755622188907
2 0.66625 0.1424287856071964 0.01875 0.017991004497751123
2 0.680625 0.09145427286356822 0.02 0.020989505247376312
2 0.213125 0.24062968515742128 0.04125 0.12593703148425786
2 0.261875 0.1191904047976012 0.07125 0.049475262368815595
1 0.76875 0.3980509745127436 0.03375 0.07496251874062969
0 0.206875 0.3740629685157421 0.02375 0.022488755622188907
0 0.3725 0.164167916041979 0.02625 0.025487256371814093
0 0.815 0.5262368815592204 0.02625 0.031484257871064465
2 0.8125 0.48650674662668664 0.015 0.017991004497751123
2 0.59375 0.11394302848575712 0.105 0.07796101949025487
2 0.171875 0.6806596701649176 0.0125 0.010494752623688156
2 0.141875 0.5547226386806596 0.01375 0.020989505247376312
3 0.746875 0.1619190404797601 0.02 0.0239880059970015
3 0.76125 0.13418290854572715 0.01875 0.019490254872563718
3 0.77625 0.09895052473763119 0.0175 0.026986506746626688
0 0.783125 0.16041979010494753 0.0125 0.022488755622188907