0 0.04625 0.6349325337331334 0.04625 0.049475262368815595
2 0.52 0.48650674662668664 0.0375 0.046476761619190406
3 0.46125 0.6619190404797601 0.02875 0.15742128935532235
3 0.5925 0.6701649175412294 0.05375 0.13943028485757122
2 0.875625 0.7361319340329835 0.015 0.019490254872563718
2 0.18375 0.2376311844077961 0.01375 0.010494752623688156
2 0.204375 0.18440779610194902 0.01625 0.01199400299850075
2 0.35125 0.1409295352323838 0.0075 0.008995502248875561
2 0.43125 0.17166416791604197 0.00625 0.0074962518740629685
2 0.435625 0.20314842578710646 0.0075 0.004497751124437781
1 0.42625 0.1409295352323838 0.04 0.15742128935532235
0 0.4225 0.07646176911544228 0.015 0.01649175412293853
1 0.345625 0.10644677661169415 0.03375 0.10194902548725637
1 0.283125 0.1874062968515742 0.06875 0.053973013493253376
2 0.290625 0.18815592203898052 0.015 0.01199400299850075
2 0.285 0.2383808095952024 0.01125 0.008995502248875561
2 0.274375 0.280359820089955 0.01125 0.010494752623688156
2 0.174375 0.2886056971514243 0.0125 0.008995502248875561
2 0.16625 0.3110944527736132 0.015 0.010494752623688156
0 0.265 0.043478260869565216 0.0275 0.0239880059970015
0 0.125 0.047976011994003 0.02625 0.025487256371814093
2 0.141875 0.34182908545727136 0.01625 0.01199400299850075
2 0.110625 0.42653673163418293 0.01875 0.017991004497751123
0 0.18125 0.3995502248875562 0.025 0.029985007496251874
0 0.215625 0.28335832083958024 0.025 0.031484257871064465
2 0.18 0.48500749625187406 0.015 0.0239880059970015
2 0.506875 0.29535232383808097 0.03 0.026986506746626688
2 0.495625 0.10644677661169415 0.01875 0.010494752623688156
2 0.4925 0.05697151424287856 0.01125 0.0074962518740629685
2 0.890625 0.2886056971514243 0.02375 0.019490254872563718
2 0.624375 0.01649175412293853 0.0075 0.0074962518740629685
1 0.71875 0.25037481259370314 0.04625 0.07196401799100449
2 0.72 0.2353823088455772 0.0125 0.008995502248875561
2 0.248125 0.10569715142428786 0.0075 0.008995502248875561
2 0.240625 0.1176911544227886 0.00875 0.0074962518740629685
2 0.269375 0.10494752623688156 0.09 0.0704647676161919
2 0.38375 0.8545727136431784 0.015 0.0074962518740629685