0 0.460625 0.3095952023988006 0.02625 0.034482758620689655
2 0.4225 0.32458770614692656 0.02125 0.019490254872563718
0 0.38125 0.32608695652173914 0.02625 0.031484257871064465
2 0.430625 0.3613193403298351 0.01125 0.01199400299850075
0 0.444375 0.38830584707646176 0.02625 0.031484257871064465
2 0.11875 0.8260869565217391 0.01125 0.013493253373313344
2 0.08125 0.8170914542728636 0.00875 0.013493253373313344
3 0.745625 0.6784107946026986 0.01625 0.07496251874062969
2 0.774375 0.6896551724137931 0.0125 0.013493253373313344
3 0.79 0.6964017991004497 0.01875 0.07796101949025487
3 0.514375 0.3403298350824588 0.0125 0.043478260869565216
3 0.703125 0.3020989505247376 0.02125 0.04047976011994003
3 0.19375 0.5179910044977512 0.04125 0.10044977511244378
2 0.20125 0.5134932533733133 0.03125 0.025487256371814093
2 0.434375 0.2661169415292354 0.04375 0.04047976011994003
3 0.15125 0.8065967016491754 0.0125 0.01649175412293853
3 0.069375 0.8920539730134932 0.025 0.053973013493253376
3 0.743125 0.7308845577211395 0.11625 0.025487256371814093
2 0.44125 0.07571214392803598 0.065 0.07196401799100449
3 0.496875 0.260119940029985 0.01875 0.03298350824587706
3 0.5075 0.20614692653673164 0.01625 0.029985007496251874
3 0.51625 0.15817091454272864 0.0125 0.026986506746626688
2 0.691875 0.1176911544227886 0.01 0.010494752623688156
2 0.6425 0.8013493253373314 0.03 0.026986506746626688
2 0.63 0.9587706146926537 0.02875 0.031484257871064465
2 0.560625 0.44002998500749624 0.05875 0.05697151424287856
2 0.5375 0.4062968515742129 0.005 0.005997001499250375
2 0.5225 0.36806596701649175 0.0125 0.008995502248875561
2 0.5375 0.24812593703148425 0.00375 0.008995502248875561
2 0.571875 0.30509745127436283 0.0025 0.005997001499250375
3 0.3425 0.7586206896551724 0.0325 0.013493253373313344
3 0.24875 0.7608695652173914 0.02875 0.020989505247376312
1 0.626875 0.47301349325337333 0.0725 0.13493253373313344
2 0.533125 0.3905547226386807 0.00875 0.005997001499250375