0 0.1175 0.040419161676646706 0.035 0.038922155688622756
2 0.115 0.12874251497005987 0.01375 0.014970059880239521
2 0.11125 0.19311377245508982 0.015 0.014970059880239521
1 0.20125 0.6452095808383234 0.03375 0.04640718562874251
2 0.1725 0.6332335329341318 0.04125 0.14221556886227546
0 0.18 0.47904191616766467 0.0325 0.023952095808383235
0 0.2 0.5014970059880239 0.02875 0.020958083832335328
0 0.53 0.20059880239520958 0.0175 0.03143712574850299
2 0.5375 0.2634730538922156 0.01125 0.011976047904191617
2 0.55125 0.3383233532934132 0.015 0.017964071856287425
2 0.5925 0.5643712574850299 0.0175 0.019461077844311378
2 0.62 0.7140718562874252 0.015 0.016467065868263474
2 0.44375 0.09730538922155689 0.02625 0.02245508982035928
2 0.45125 0.15568862275449102 0.02125 0.019461077844311378
2 0.59875 0.1601796407185629 0.02 0.016467065868263474
2 0.60375 0.1092814371257485 0.02125 0.017964071856287425
2 0.15875 0.20359281437125748 0.03875 0.12125748502994012
2 0.185 0.08532934131736528 0.0725 0.04491017964071856
1 0.7525 0.4296407185628742 0.0325 0.07035928143712575
0 0.1775 0.33682634730538924 0.02375 0.019461077844311378
0 0.305 0.1437125748502994 0.025 0.02245508982035928
0 0.825 0.5643712574850299 0.025 0.029940119760479042
2 0.815 0.5239520958083832 0.015 0.016467065868263474
2 0.52125 0.12125748502994012 0.10625 0.07035928143712575
2 0.2025 0.6407185628742516 0.0125 0.010479041916167664
2 0.1475 0.5104790419161677 0.01375 0.019461077844311378
3 0.685 0.18862275449101795 0.02 0.02245508982035928
3 0.69375 0.16167664670658682 0.02 0.017964071856287425
3 0.7025 0.12874251497005987 0.0175 0.025449101796407185
0 0.72125 0.19161676646706588 0.0125 0.020958083832335328