2 0.1825 0.3061377245508982 0.0225 0.025449101796407185
2 0.485 0.5718562874251497 0.0175 0.016467065868263474
3 0.4725 0.5860778443113772 0.03125 0.0748502994011976
3 0.516875 0.6167664670658682 0.105 0.025449101796407185
1 0.716875 0.218562874251497 0.12375 0.22305389221556887
0 0.691875 0.2971556886227545 0.02875 0.025449101796407185
0 0.745625 0.22080838323353294 0.03375 0.025449101796407185
0 0.714375 0.13323353293413173 0.03125 0.03293413173652695
0 0.670625 0.2148203592814371 0.02625 0.020958083832335328
2 0.7025 0.1781437125748503 0.015 0.019461077844311378
2 0.7025 0.2410179640718563 0.00875 0.014970059880239521
2 0.726875 0.20508982035928144 0.00875 0.014970059880239521
2 0.7275 0.2619760479041916 0.0125 0.02245508982035928
2 0.84625 0.26497005988023953 0.00875 0.011976047904191617
3 0.79875 0.1467065868263473 0.03625 0.019461077844311378
1 0.32875 0.08008982035928144 0.025 0.0718562874251497
1 0.5425 0.07260479041916168 0.04625 0.12724550898203593
2 0.539375 0.09955089820359281 0.0075 0.008982035928143712
2 0.33 0.07110778443113773 0.01 0.008982035928143712
3 0.548125 0.021706586826347306 0.025 0.01347305389221557
2 0.531875 0.12350299401197605 0.00625 0.005988023952095809
2 0.633125 0.35778443113772457 0.00375 0.004491017964071856
2 0.580625 0.12724550898203593 0.0025 0.004491017964071856
3 0.563125 0.11377245508982035 0.01375 0.03143712574850299
3 0.70625 0.8338323353293413 0.01625 0.04790419161676647
2 0.6875 0.7672155688622755 0.005 0.0074850299401197605
2 0.71375 0.7649700598802395 0.0075 0.008982035928143712
3 0.24 0.5067365269461078 0.025 0.09580838323353294
2 0.20625 0.6586826347305389 0.0125 0.010479041916167664