2 0.715 0.8275862068965517 0.04875 0.05847076461769116
2 0.321875 0.8215892053973014 0.01375 0.014992503748125937
2 0.2725 0.6349325337331334 0.015 0.017991004497751123
2 0.175 0.24737631184407796 0.005 0.005997001499250375
2 0.125 0.2571214392803598 0.03125 0.026986506746626688
2 0.024375 0.2908545727136432 0.0425 0.05547226386806597
1 0.109375 0.4542728635682159 0.05375 0.041979010494752625
1 0.0325 0.6071964017991005 0.0475 0.10644677661169415
2 0.026875 0.6251874062968515 0.015 0.014992503748125937
2 0.268125 0.7833583208395802 0.01 0.01199400299850075
1 0.330625 0.7503748125937032 0.06875 0.11244377811094453
0 0.283125 0.527736131934033 0.02375 0.019490254872563718
0 0.284375 0.4527736131934033 0.0225 0.020989505247376312
0 0.265625 0.4070464767616192 0.02 0.0239880059970015
1 0.32625 0.17091454272863568 0.04875 0.08395802098950525
2 0.318125 0.1454272863568216 0.00625 0.005997001499250375
2 0.905625 0.2391304347826087 0.00875 0.008995502248875561
2 0.888125 0.191904047976012 0.01 0.010494752623688156
0 0.868125 0.12518740629685157 0.01875 0.0239880059970015
1 0.85875 0.2623688155922039 0.065 0.08245877061469266
0 0.825625 0.20689655172413793 0.01875 0.020989505247376312
2 0.6875 0.3118440779610195 0.01 0.010494752623688156
2 0.70125 0.3695652173913043 0.01 0.01199400299850075
0 0.915 0.35157421289355323 0.01375 0.017991004497751123
0 0.896875 0.3733133433283358 0.0175 0.017991004497751123
0 0.921875 0.4662668665667166 0.01375 0.014992503748125937
0 0.94375 0.4460269865067466 0.01875 0.022488755622188907
2 0.896875 0.46026986506746626 0.0075 0.0074962518740629685
2 0.905 0.48050974512743627 0.00875 0.01199400299850075
1 0.971875 0.5592203898050975 0.0525 0.10194902548725637
2 0.575625 0.3058470764617691 0.00375 0.005997001499250375
2 0.738125 0.5449775112443778 0.01 0.014992503748125937
2 0.76 0.6529235382308846 0.01 0.013493253373313344