0 0.111875 0.059880239520958084 0.0375 0.041916167664670656
2 0.11125 0.1474550898203593 0.015 0.017964071856287425
2 0.10875 0.2125748502994012 0.01625 0.017964071856287425
1 0.2075 0.6639221556886228 0.035 0.05089820359281437
2 0.179375 0.6526946107784432 0.0475 0.1497005988023952
0 0.1825 0.49850299401197606 0.0325 0.02844311377245509
0 0.20375 0.5179640718562875 0.02875 0.023952095808383235
0 0.5225 0.1968562874251497 0.0175 0.03293413173652695
2 0.5325 0.2597305389221557 0.0125 0.01347305389221557
2 0.548125 0.3338323353293413 0.01625 0.020958083832335328
2 0.593125 0.5583832335329342 0.0175 0.02245508982035928
2 0.623125 0.7088323353293413 0.01625 0.019461077844311378
2 0.435625 0.09730538922155689 0.0275 0.025449101796407185
2 0.445 0.15568862275449102 0.02125 0.02245508982035928
2 0.590625 0.1504491017964072 0.02 0.019461077844311378
2 0.594375 0.10029940119760479 0.02125 0.020958083832335328
2 0.15625 0.22080838323353294 0.04375 0.12724550898203593
2 0.179375 0.10104790419161677 0.0725 0.05089820359281437
1 0.74875 0.41392215568862273 0.035 0.0748502994011976
0 0.176875 0.3532934131736527 0.025 0.02245508982035928
0 0.29875 0.15269461077844312 0.02625 0.025449101796407185
0 0.8225 0.5449101796407185 0.02625 0.03143712574850299
2 0.81125 0.5052395209580839 0.01625 0.019461077844311378
2 0.51125 0.11751497005988024 0.10625 0.08083832335329341
2 0.208125 0.6594311377245509 0.0125 0.011976047904191617
2 0.151875 0.5299401197604791 0.015 0.02245508982035928
3 0.67625 0.1751497005988024 0.02 0.025449101796407185
3 0.684375 0.14820359281437126 0.02 0.020958083832335328
3 0.6925 0.11452095808383234 0.0175 0.02844311377245509
0 0.7125 0.17664670658682635 0.01375 0.023952095808383235