3 0.71 0.487256371814093 0.02375 0.008995502248875561
3 0.6325 0.4745127436281859 0.01125 0.0074962518740629685
3 0.778125 0.5022488755622189 0.01375 0.005997001499250375
3 0.613125 0.4497751124437781 0.0075 0.017991004497751123
3 0.615625 0.36431784107946025 0.005 0.013493253373313344
3 0.6175 0.29610194902548725 0.00875 0.01649175412293853
3 0.619375 0.1896551724137931 0.015 0.020989505247376312
3 0.51125 0.11619190404797601 0.02125 0.017991004497751123
3 0.4225 0.10344827586206896 0.015 0.01199400299850075
2 0.224375 0.14167916041979012 0.005 0.005997001499250375
2 0.274375 0.15067466266866567 0.00625 0.0074962518740629685
2 0.28375 0.049475262368815595 0.00625 0.0074962518740629685
3 0.30875 0.1386806596701649 0.015 0.026986506746626688
2 0.19875 0.6079460269865068 0.00625 0.0074962518740629685
3 0.215625 0.5322338830584707 0.015 0.07646176911544228
3 0.285 0.47976011994003 0.015 0.022488755622188907
3 0.2725 0.7698650674662668 0.015 0.020989505247376312
3 0.27875 0.6401799100449775 0.02125 0.035982008995502246
3 0.29375 0.30509745127436283 0.02 0.031484257871064465
2 0.209375 0.37031484257871067 0.00875 0.01199400299850075
2 0.58125 0.15667166416791603 0.00625 0.01199400299850075
3 0.205625 0.7406296851574213 0.01125 0.03298350824587706
2 0.206875 0.7406296851574213 0.005 0.01199400299850075
3 0.123125 0.23613193403298352 0.01125 0.038980509745127435
2 0.12125 0.2376311844077961 0.0075 0.01199400299850075
3 0.224375 0.3230884557721139 0.01125 0.03298350824587706
2 0.223125 0.32158920539730135 0.0075 0.008995502248875561
3 0.231875 0.20164917541229385 0.01375 0.044977511244377814
3 0.24625 0.038980509745127435 0.01625 0.038980509745127435
2 0.71875 0.2983508245877061 0.01625 0.022488755622188907
2 0.718125 0.20389805097451275 0.0175 0.019490254872563718
3 0.766875 0.12218890554722639 0.05 0.06296851574212893
3 0.691875 0.08020989505247376 0.03 0.041979010494752625