2 0.70125 0.8502994011976048 0.0475 0.05688622754491018
2 0.31 0.8008982035928144 0.01375 0.014970059880239521
2 0.268125 0.6085329341317365 0.015 0.017964071856287425
2 0.185625 0.21107784431137724 0.005 0.005988023952095809
2 0.135625 0.2148203592814371 0.03125 0.02694610778443114
2 0.030625 0.23652694610778444 0.0475 0.05239520958083832
1 0.1125 0.4101796407185629 0.0525 0.040419161676646706
1 0.029375 0.5553892215568862 0.04625 0.10329341317365269
2 0.02375 0.5726047904191617 0.015 0.014970059880239521
2 0.2575 0.7567365269461078 0.01 0.011976047904191617
1 0.321875 0.7305389221556886 0.0675 0.1092814371257485
0 0.2825 0.5029940119760479 0.02375 0.019461077844311378
0 0.286875 0.4281437125748503 0.0225 0.020958083832335328
0 0.270625 0.3809880239520958 0.02 0.023952095808383235
1 0.34 0.15194610778443113 0.0475 0.08233532934131736
2 0.333125 0.12574850299401197 0.00625 0.005988023952095809
2 0.91375 0.2836826347305389 0.00875 0.008982035928143712
2 0.899375 0.23502994011976047 0.01 0.010479041916167664
0 0.8825 0.16541916167664672 0.01875 0.023952095808383235
1 0.8675 0.3008982035928144 0.06375 0.08083832335329341
0 0.83625 0.2432634730538922 0.01875 0.020958083832335328
2 0.69375 0.3315868263473054 0.01 0.010479041916167664
2 0.705625 0.39146706586826346 0.01 0.011976047904191617
0 0.919375 0.39595808383233533 0.01375 0.017964071856287425
0 0.9 0.4161676646706587 0.0175 0.017964071856287425
0 0.9225 0.5134730538922155 0.01375 0.014970059880239521
0 0.944375 0.49476047904191617 0.01875 0.02245508982035928
2 0.8975 0.5029940119760479 0.0075 0.0074850299401197605
2 0.904375 0.5247005988023952 0.00875 0.011976047904191617
1 0.968125 0.6092814371257484 0.0525 0.09730538922155689
2 0.583125 0.312874251497006 0.00375 0.005988023952095809
2 0.735625 0.5696107784431138 0.01 0.014970059880239521
2 0.7525 0.6811377245508982 0.01 0.01347305389221557