0 0.024375 0.6896551724137931 0.04875 0.050974512743628186
2 0.521875 0.48425787106446777 0.0425 0.044977511244377814
3 0.43875 0.6686656671664168 0.035 0.15592203898050974
3 0.569375 0.658920539730135 0.06125 0.136431784107946
2 0.848125 0.6904047976011994 0.01875 0.019490254872563718
2 0.215625 0.27586206896551724 0.015 0.01199400299850075
2 0.244375 0.21889055472263869 0.01875 0.013493253373313344
2 0.39875 0.15892053973013492 0.00875 0.008995502248875561
2 0.475625 0.17916041979010494 0.0075 0.0074962518740629685
2 0.47625 0.21064467766116943 0.00875 0.004497751124437781
1 0.475625 0.14767616191904048 0.0475 0.15592203898050974
0 0.479375 0.08320839580209895 0.01875 0.01649175412293853
1 0.396875 0.12443778110944528 0.04 0.10194902548725637
1 0.323125 0.212143928035982 0.07625 0.05547226386806597
2 0.330625 0.2136431784107946 0.0175 0.013493253373313344
2 0.318125 0.2631184407796102 0.0125 0.008995502248875561
2 0.3025 0.3073463268365817 0.0125 0.010494752623688156
2 0.200625 0.3275862068965517 0.01375 0.010494752623688156
2 0.1875 0.3523238380809595 0.0175 0.01199400299850075
0 0.324375 0.0712143928035982 0.03125 0.0239880059970015
0 0.1825 0.09295352323838081 0.03 0.025487256371814093
2 0.159375 0.3853073463268366 0.01875 0.013493253373313344
2 0.116875 0.4737631184407796 0.02125 0.017991004497751123
0 0.19 0.43853073463268366 0.02875 0.031484257871064465
0 0.2425 0.31709145427286356 0.02875 0.03298350824587706
2 0.1775 0.5239880059970015 0.01875 0.0239880059970015
2 0.535 0.29310344827586204 0.03375 0.026986506746626688
2 0.55 0.10569715142428786 0.02 0.01199400299850075
2 0.553125 0.05697151424287856 0.0125 0.0074962518740629685
2 0.924375 0.24062968515742128 0.02625 0.019490254872563718
2 0.693125 0.0029985007496251873 0.01125 0.005997001499250375
1 0.75625 0.22263868065967016 0.0525 0.07196401799100449
2 0.75875 0.20764617691154422 0.01375 0.010494752623688156
2 0.299375 0.13343328335832083 0.00875 0.008995502248875561
2 0.29 0.14917541229385306 0.01 0.0074962518740629685
2 0.320625 0.13193403298350825 0.09875 0.07196401799100449
2 0.333125 0.8703148425787106 0.0175 0.008995502248875561