0 0.435625 0.3065967016491754 0.025 0.034482758620689655
2 0.4 0.31859070464767614 0.02125 0.019490254872563718
0 0.35875 0.32008995502248877 0.025 0.031484257871064465
2 0.413125 0.3583208395802099 0.01 0.01199400299850075
0 0.430625 0.3853073463268366 0.025 0.031484257871064465
2 0.16 0.808095952023988 0.01 0.013493253373313344
2 0.12125 0.7961019490254873 0.0075 0.013493253373313344
3 0.770625 0.6934032983508246 0.015 0.07496251874062969
2 0.800625 0.704647676161919 0.01125 0.013493253373313344
3 0.81625 0.7113943028485757 0.01875 0.07796101949025487
2 0.448125 0.35082458770614694 0.00375 0.005997001499250375
3 0.493125 0.3403298350824588 0.01125 0.043478260869565216
3 0.678125 0.3110944527736132 0.02125 0.04047976011994003
3 0.195 0.5029985007496252 0.03875 0.10044977511244378
2 0.20125 0.4985007496251874 0.03 0.025487256371814093
2 0.401875 0.260119940029985 0.04125 0.04047976011994003
3 0.19 0.7886056971514243 0.01125 0.01649175412293853
3 0.118125 0.8710644677661169 0.02375 0.053973013493253376
3 0.774375 0.7458770614692654 0.11 0.025487256371814093
2 0.3875 0.0712143928035982 0.0625 0.07196401799100449
3 0.465625 0.260119940029985 0.01875 0.03298350824587706
3 0.46875 0.20614692653673164 0.015 0.029985007496251874
3 0.4725 0.15817091454272864 0.01125 0.026986506746626688
2 0.643125 0.12668665667166418 0.00875 0.010494752623688156
2 0.6825 0.8103448275862069 0.02875 0.026986506746626688
2 0.69 0.9677661169415293 0.0275 0.031484257871064465
2 0.553125 0.44302848575712145 0.05625 0.05697151424287856
2 0.525 0.40929535232383807 0.005 0.005997001499250375
2 0.519375 0.39355322338830584 0.005 0.005997001499250375
2 0.505 0.36806596701649175 0.01125 0.008995502248875561
2 0.505 0.24812593703148425 0.00375 0.008995502248875561
2 0.546875 0.308095952023988 0.0025 0.005997001499250375
3 0.37625 0.7526236881559221 0.03125 0.013493253373313344
3 0.2825 0.7488755622188905 0.0275 0.020989505247376312
1 0.623125 0.4790104947526237 0.06875 0.13493253373313344