0 0.070625 0.6536731634182908 0.0525 0.050974512743628186
2 0.516875 0.48575712143928035 0.0425 0.046476761619190406
3 0.485 0.6656671664167916 0.03625 0.15892053973013492
3 0.614375 0.6664167916041979 0.06125 0.1409295352323838
2 0.904375 0.7203898050974513 0.01875 0.020989505247376312
2 0.150625 0.25037481259370314 0.01625 0.01199400299850075
2 0.164375 0.19640179910044978 0.01875 0.013493253373313344
2 0.3025 0.1469265367316342 0.00875 0.008995502248875561
2 0.386875 0.17466266866566715 0.0075 0.0074962518740629685
2 0.39625 0.20614692653673164 0.00875 0.004497751124437781
1 0.376875 0.14167916041979012 0.04875 0.15892053973013492
0 0.363125 0.07721139430284858 0.01875 0.017991004497751123
1 0.291875 0.11244377811094453 0.04 0.10494752623688156
1 0.241875 0.19415292353823088 0.0775 0.05697151424287856
2 0.249375 0.19715142428785606 0.0175 0.013493253373313344
2 0.250625 0.24512743628185907 0.0125 0.008995502248875561
2 0.24625 0.2893553223388306 0.0125 0.010494752623688156
2 0.149375 0.3020989505247376 0.01375 0.010494752623688156
2 0.14375 0.32533733133433285 0.0175 0.01199400299850075
0 0.203125 0.05322338830584707 0.03125 0.025487256371814093
0 0.06625 0.06296851574212893 0.03 0.026986506746626688
2 0.124375 0.3568215892053973 0.01875 0.013493253373313344
2 0.106875 0.44227886056971516 0.02125 0.019490254872563718
0 0.17125 0.41304347826086957 0.02875 0.031484257871064465
0 0.18875 0.2946026986506747 0.02875 0.03298350824587706
2 0.1825 0.4985007496251874 0.01875 0.025487256371814093
2 0.4775 0.29310344827586204 0.035 0.02848575712143928
2 0.44 0.10569715142428786 0.02 0.01199400299850075
2 0.429375 0.05697151424287856 0.0125 0.0074962518740629685
2 0.854375 0.27211394302848574 0.0275 0.020989505247376312
2 0.555625 0.011244377811094454 0.01 0.0074962518740629685
1 0.68125 0.24062968515742128 0.0525 0.07496251874062969
2 0.67875 0.22563718140929534 0.01375 0.010494752623688156
2 0.195625 0.11394302848575712 0.00875 0.008995502248875561
2 0.19125 0.12818590704647675 0.01 0.0074962518740629685
2 0.216875 0.11394302848575712 0.1 0.07496251874062969
2 0.435625 0.861319340329835 0.0175 0.008995502248875561