0 0.024375 0.6836581709145427 0.04875 0.050974512743628186
2 0.52125 0.4835082458770615 0.04 0.046476761619190406
3 0.43625 0.6679160419790104 0.03 0.15742128935532235
3 0.5675 0.6611694152923538 0.0575 0.13943028485757122
2 0.844375 0.697151424287856 0.01625 0.019490254872563718
2 0.22 0.27061469265367316 0.015 0.010494752623688156
2 0.249375 0.2143928035982009 0.0175 0.01199400299850075
2 0.4025 0.15592203898050974 0.00875 0.008995502248875561
2 0.48 0.17766116941529236 0.0075 0.0074962518740629685
2 0.479375 0.20914542728635682 0.00875 0.004497751124437781
1 0.48 0.1469265367316342 0.0425 0.15742128935532235
0 0.48375 0.08245877061469266 0.01625 0.01649175412293853
1 0.401875 0.12143928035982009 0.03625 0.10194902548725637
1 0.328125 0.20839580209895053 0.07375 0.053973013493253376
2 0.335625 0.20914542728635682 0.01625 0.01199400299850075
2 0.32125 0.2593703148425787 0.0125 0.008995502248875561
2 0.304375 0.30434782608695654 0.0125 0.010494752623688156
2 0.203125 0.32158920539730135 0.01375 0.008995502248875561
2 0.19125 0.34707646176911544 0.01625 0.010494752623688156
0 0.33125 0.06746626686656672 0.02875 0.0239880059970015
0 0.18875 0.08695652173913043 0.0275 0.025487256371814093
2 0.161875 0.3808095952023988 0.0175 0.01199400299850075
2 0.119375 0.46851574212893554 0.02 0.017991004497751123
0 0.1925 0.4325337331334333 0.02625 0.029985007496251874
0 0.245625 0.31334332833583206 0.02625 0.031484257871064465
2 0.18 0.5179910044977512 0.01625 0.0239880059970015
2 0.536875 0.29235382308845576 0.0325 0.026986506746626688
2 0.554375 0.10644677661169415 0.02 0.010494752623688156
2 0.5575 0.05697151424287856 0.0125 0.0074962518740629685
2 0.925625 0.24662668665667167 0.025 0.019490254872563718
2 0.698125 0.0029985007496251873 0.01125 0.005997001499250375
1 0.7575 0.22638680659670166 0.05 0.07196401799100449
2 0.7625 0.21064467766116943 0.01375 0.008995502248875561
2 0.045625 0.1619190404797601 0.0125 0.022488755622188907
2 0.304375 0.12968515742128936 0.00875 0.008995502248875561
2 0.295625 0.1446776611694153 0.01 0.0074962518740629685
2 0.325625 0.12893553223388307 0.09625 0.0704647676161919
2 0.33 0.8695652173913043 0.01625 0.0074962518740629685