2 0.43375 0.2694610778443114 0.01 0.011976047904191617
2 0.54875 0.3068862275449102 0.01125 0.014970059880239521
2 0.559375 0.3772455089820359 0.0125 0.01347305389221557
2 0.5875 0.5905688622754491 0.02125 0.020958083832335328
2 0.60375 0.7327844311377245 0.01625 0.020958083832335328
1 0.350625 0.18862275449101795 0.0325 0.07784431137724551
0 0.725625 0.23278443113772454 0.02125 0.02844311377245509
2 0.7775 0.22380239520958084 0.01375 0.016467065868263474
2 0.79375 0.27994011976047906 0.01375 0.016467065868263474
1 0.751875 0.29416167664670656 0.07375 0.06287425149700598
2 0.739375 0.29191616766467066 0.00875 0.0074850299401197605
0 0.82375 0.5696107784431138 0.0225 0.025449101796407185
0 0.795 0.4453592814371258 0.02 0.023952095808383235
2 0.796875 0.5516467065868264 0.015 0.014970059880239521
2 0.800625 0.5770958083832335 0.01 0.014970059880239521
2 0.776875 0.35179640718562877 0.0125 0.016467065868263474
2 0.746875 0.3458083832335329 0.01 0.014970059880239521
2 0.74125 0.32335329341317365 0.00875 0.005988023952095809
2 0.329375 0.9401197604790419 0.0625 0.059880239520958084
0 0.75625 0.1377245508982036 0.02875 0.0344311377245509
1 0.391875 0.7282934131736527 0.07375 0.08832335329341318
2 0.349375 0.21407185628742514 0.01 0.0074850299401197605
2 0.410625 0.19835329341317365 0.00875 0.0074850299401197605
2 0.43 0.20658682634730538 0.0075 0.0074850299401197605
1 0.61 0.17964071856287425 0.05 0.10479041916167664
1 0.671875 0.19535928143712575 0.05375 0.09580838323353294
0 0.92875 0.8278443113772455 0.0475 0.041916167664670656