2 0.365625 0.6461769115442278 0.05 0.06146926536731634
2 0.51375 0.671664167916042 0.03 0.03298350824587706
0 0.939375 0.6176911544227887 0.05625 0.049475262368815595
2 0.195 0.8193403298350824 0.195 0.07946026986506746
0 0.034375 0.5929535232383808 0.0575 0.09145427286356822
2 0.3725 0.47976011994003 0.0325 0.035982008995502246
2 0.386875 0.2901049475262369 0.02625 0.022488755622188907
2 0.864375 0.4452773613193403 0.01875 0.020989505247376312
2 0.8225 0.3530734632683658 0.02 0.022488755622188907
2 0.756875 0.2098950524737631 0.01375 0.01199400299850075
2 0.7325 0.15967016491754124 0.015 0.014992503748125937
0 0.665625 0.03073463268365817 0.03 0.017991004497751123
0 0.816875 0.038980509745127435 0.02375 0.025487256371814093
2 0.860625 0.10419790104947527 0.015 0.008995502248875561
2 0.871875 0.1206896551724138 0.01375 0.005997001499250375
2 0.931875 0.1866566716641679 0.01375 0.010494752623688156
2 0.97 0.239880059970015 0.01875 0.01649175412293853
2 0.403125 0.10194902548725637 0.02375 0.01649175412293853
2 0.40625 0.05547226386806597 0.01375 0.01199400299850075
2 0.471875 0.035982008995502246 0.02 0.010494752623688156
2 0.359375 0.03973013493253373 0.025 0.013493253373313344
2 0.338125 0.09145427286356822 0.0225 0.022488755622188907
2 0.3525 0.1664167916041979 0.02 0.022488755622188907
2 0.50375 0.16116941529235382 0.0225 0.022488755622188907
2 0.50125 0.08470764617691154 0.01875 0.017991004497751123
2 0.331875 0.17841079460269865 0.00875 0.010494752623688156
3 0.245625 0.12143928035982009 0.0175 0.026986506746626688
3 0.2575 0.1634182908545727 0.01375 0.026986506746626688
3 0.268125 0.20239880059970014 0.01375 0.026986506746626688
1 0.188125 0.2893553223388306 0.0575 0.12443778110944528
2 0.19125 0.48800599700149927 0.01 0.017991004497751123
0 0.22 0.04572713643178411 0.02375 0.022488755622188907
2 0.646875 0.10569715142428786 0.01 0.014992503748125937
2 0.648125 0.12668665667166418 0.015 0.013493253373313344
2 0.43375 0.8515742128935532 0.01875 0.014992503748125937
2 0.79875 0.8545727136431784 0.0175 0.017991004497751123
0 0.406875 0.026986506746626688 0.02375 0.017991004497751123
2 0.758125 0.09895052473763119 0.07125 0.08395802098950525
2 0.94375 0.4917541229385307 0.01875 0.020989505247376312