2 0.43 0.27020958083832336 0.01 0.010479041916167664
2 0.545625 0.3023952095808383 0.01125 0.01347305389221557
2 0.55625 0.37425149700598803 0.0125 0.011976047904191617
2 0.5875 0.5868263473053892 0.02 0.019461077844311378
2 0.6075 0.7297904191616766 0.015 0.019461077844311378
1 0.34625 0.19386227544910178 0.0325 0.07634730538922156
0 0.72125 0.22005988023952097 0.02125 0.02694610778443114
2 0.773125 0.2088323353293413 0.01375 0.01347305389221557
2 0.79 0.26497005988023953 0.01375 0.01347305389221557
1 0.746875 0.280688622754491 0.0725 0.059880239520958084
2 0.734375 0.27844311377245506 0.00875 0.0074850299401197605
0 0.823125 0.5538922155688623 0.0225 0.025449101796407185
0 0.79375 0.4318862275449102 0.0175 0.02245508982035928
2 0.795625 0.5359281437125748 0.015 0.011976047904191617
2 0.8 0.562125748502994 0.01 0.01347305389221557
2 0.773125 0.33682634730538924 0.01125 0.016467065868263474
2 0.744375 0.33308383233532934 0.01 0.01347305389221557
2 0.73875 0.30988023952095806 0.00875 0.005988023952095809
2 0.33625 0.9505988023952096 0.06125 0.05688622754491018
0 0.749375 0.12275449101796407 0.02875 0.03293413173652695
1 0.396875 0.7342814371257484 0.0725 0.08532934131736528
2 0.346875 0.21931137724550898 0.01 0.0074850299401197605
2 0.40625 0.20059880239520958 0.00875 0.0074850299401197605
2 0.425625 0.2088323353293413 0.0075 0.0074850299401197605
1 0.605 0.1721556886227545 0.04875 0.10029940119760479
1 0.666875 0.18488023952095808 0.0525 0.09131736526946108
0 0.938125 0.8091317365269461 0.0475 0.038922155688622756