2 0.341875 0.6611694152923538 0.0525 0.06296851574212893
2 0.4875 0.671664167916042 0.03375 0.034482758620689655
0 0.923125 0.5742128935532234 0.06 0.050974512743628186
2 0.143125 0.8515742128935532 0.2075 0.08545727136431784
0 0.025 0.6409295352323838 0.05 0.0944527736131934
2 0.374375 0.49250374812593706 0.03625 0.037481259370314844
2 0.4175 0.30134932533733133 0.02875 0.025487256371814093
2 0.875625 0.4070464767616192 0.02 0.022488755622188907
2 0.848125 0.31859070464767614 0.0225 0.025487256371814093
2 0.8025 0.18215892053973012 0.01375 0.01199400299850075
2 0.785 0.13493253373313344 0.015 0.01649175412293853
0 0.73875 0.011244377811094454 0.0325 0.020989505247376312
0 0.88875 0.010494752623688156 0.0275 0.020989505247376312
2 0.923125 0.06671664167916042 0.015 0.008995502248875561
2 0.93125 0.08095952023988005 0.01375 0.005997001499250375
2 0.981875 0.14167916041979012 0.01375 0.010494752623688156
2 0.46375 0.10944527736131934 0.025 0.019490254872563718
2 0.473125 0.06296851574212893 0.01375 0.01199400299850075
2 0.5425 0.035982008995502246 0.02125 0.01199400299850075
2 0.428125 0.050974512743628186 0.02625 0.01649175412293853
2 0.399375 0.10494752623688156 0.025 0.025487256371814093
2 0.403125 0.17916041979010494 0.0225 0.025487256371814093
2 0.555 0.15967016491754124 0.025 0.025487256371814093
2 0.564375 0.08320839580209895 0.02 0.019490254872563718
2 0.379375 0.19490254872563717 0.01 0.010494752623688156
3 0.303125 0.1446776611694153 0.02 0.02848575712143928
3 0.308125 0.18590704647676162 0.015 0.02848575712143928
3 0.3125 0.22488755622188905 0.015 0.02848575712143928
1 0.218125 0.32008995502248877 0.06375 0.12743628185907047
2 0.19125 0.5179910044977512 0.01125 0.019490254872563718
0 0.286875 0.07196401799100449 0.02625 0.025487256371814093
2 0.708125 0.08920539730134933 0.01125 0.01649175412293853
2 0.70625 0.11019490254872563 0.015 0.013493253373313344
2 0.379375 0.861319340329835 0.02 0.01649175412293853
2 0.7475 0.8260869565217391 0.0175 0.019490254872563718
0 0.47875 0.034482758620689655 0.025 0.020989505247376312
2 0.820625 0.0704647676161919 0.07625 0.08845577211394302
2 0.948125 0.4460269865067466 0.02 0.022488755622188907
0 0.17625 0.56071964017991 0.03 0.038980509745127435