0 0.195 0.07421289355322339 0.0325 0.038980509745127435
2 0.1775 0.16266866566716642 0.01375 0.01649175412293853
2 0.161875 0.22938530734632684 0.015 0.01649175412293853
1 0.175 0.6784107946026986 0.0325 0.047976011994003
2 0.146875 0.6686656671664168 0.04125 0.1469265367316342
0 0.18125 0.5119940029985007 0.03 0.025487256371814093
0 0.1975 0.5322338830584707 0.02625 0.022488755622188907
0 0.580625 0.19490254872563717 0.01625 0.031484257871064465
2 0.57875 0.25787106446776614 0.01 0.01199400299850075
2 0.57875 0.3328335832083958 0.015 0.019490254872563718
2 0.581875 0.5562218890554723 0.01625 0.020989505247376312
2 0.584375 0.7053973013493253 0.015 0.017991004497751123
2 0.513125 0.09745127436281859 0.025 0.0239880059970015
2 0.51 0.15592203898050974 0.02 0.020989505247376312
2 0.6575 0.1454272863568216 0.01875 0.017991004497751123
2 0.671875 0.0944527736131934 0.02 0.019490254872563718
2 0.208125 0.23463268365817092 0.0375 0.12443778110944528
2 0.254375 0.11319340329835083 0.0675 0.047976011994003
1 0.76625 0.404047976011994 0.03125 0.07196401799100449
0 0.20375 0.36731634182908546 0.0225 0.020989505247376312
0 0.36375 0.16041979010494753 0.02375 0.0239880059970015
0 0.815625 0.532983508245877 0.02375 0.029985007496251874
2 0.8125 0.49250374812593706 0.015 0.017991004497751123
2 0.585625 0.11544227886056972 0.1 0.07496251874062969
2 0.17625 0.6739130434782609 0.0125 0.010494752623688156
2 0.144375 0.5472263868065967 0.01375 0.020989505247376312
3 0.739375 0.1664167916041979 0.01875 0.0239880059970015
3 0.75375 0.1386806596701649 0.01875 0.019490254872563718
3 0.766875 0.10419790104947527 0.01625 0.026986506746626688
0 0.775625 0.1656671664167916 0.0125 0.022488755622188907