2 0.4225 0.27811094452773616 0.01 0.010494752623688156
2 0.53875 0.2946026986506747 0.01125 0.013493253373313344
2 0.551875 0.3650674662668666 0.0125 0.01199400299850075
2 0.589375 0.5779610194902549 0.02 0.019490254872563718
2 0.614375 0.719640179910045 0.01625 0.019490254872563718
1 0.3375 0.20914542728635682 0.03125 0.0734632683658171
0 0.7075 0.1874062968515742 0.02 0.026986506746626688
2 0.758125 0.16941529235382308 0.01375 0.014992503748125937
2 0.776875 0.22413793103448276 0.01375 0.014992503748125937
1 0.735 0.24587706146926536 0.07125 0.05997001499250375
2 0.72375 0.24512743628185907 0.0075 0.0074962518740629685
0 0.820625 0.5134932533733133 0.02125 0.0239880059970015
0 0.786875 0.39205397301349326 0.01875 0.022488755622188907
2 0.7925 0.4985007496251874 0.015 0.013493253373313344
2 0.79875 0.5239880059970015 0.01 0.013493253373313344
2 0.76375 0.29985007496251875 0.0125 0.014992503748125937
2 0.735 0.29910044977511246 0.01 0.013493253373313344
2 0.728125 0.2766116941529235 0.0075 0.005997001499250375
2 0.355 0.9730134932533733 0.06125 0.043478260869565216
0 0.731875 0.08620689655172414 0.02875 0.03298350824587706
1 0.40625 0.7526236881559221 0.07125 0.08395802098950525
2 0.338125 0.23463268365817092 0.01 0.0074962518740629685
2 0.39625 0.2098950524737631 0.0075 0.0074962518740629685
2 0.41625 0.2151424287856072 0.00625 0.0074962518740629685
1 0.59125 0.15442278860569716 0.04875 0.10044977511244378
1 0.65375 0.15892053973013492 0.0525 0.09145427286356822
0 0.93875 0.7563718140929535 0.04625 0.04047976011994003