2 0.683125 0.8290854572713643 0.055 0.05847076461769116
2 0.29125 0.820839580209895 0.0175 0.01649175412293853
2 0.259375 0.6334332833583208 0.01875 0.019490254872563718
2 0.198125 0.24587706146926536 0.00625 0.005997001499250375
2 0.1475 0.25487256371814093 0.035 0.026986506746626688
2 0.046875 0.2871064467766117 0.04375 0.05547226386806597
1 0.11375 0.452023988005997 0.05875 0.041979010494752625
1 0.025 0.6049475262368815 0.05 0.10644677661169415
2 0.015 0.6229385307346327 0.01875 0.01649175412293853
2 0.240625 0.7818590704647677 0.01125 0.01199400299850075
1 0.306875 0.7496251874062968 0.07875 0.11094452773613193
0 0.279375 0.5262368815592204 0.02875 0.019490254872563718
0 0.28875 0.4512743628185907 0.02625 0.020989505247376312
0 0.275625 0.4062968515742129 0.0225 0.0239880059970015
1 0.358125 0.1701649175412294 0.055 0.08395802098950525
2 0.353125 0.1454272863568216 0.0075 0.005997001499250375
2 0.930625 0.2413793103448276 0.01 0.008995502248875561
2 0.91875 0.19490254872563717 0.01125 0.010494752623688156
0 0.905625 0.12668665667166418 0.02125 0.025487256371814093
1 0.8825 0.2638680659670165 0.07375 0.08095952023988005
0 0.85375 0.20914542728635682 0.0225 0.020989505247376312
2 0.704375 0.31259370314842577 0.01125 0.010494752623688156
2 0.713125 0.37106446776611696 0.01125 0.01199400299850075
0 0.929375 0.3530734632683658 0.0175 0.019490254872563718
0 0.90875 0.37556221889055474 0.02125 0.019490254872563718
0 0.925625 0.4700149925037481 0.0175 0.01649175412293853
0 0.948125 0.4490254872563718 0.02125 0.0239880059970015
2 0.90125 0.4625187406296852 0.00875 0.0074962518740629685
2 0.9075 0.4827586206896552 0.01 0.01199400299850075
1 0.965625 0.5614692653673163 0.0575 0.10044977511244378
2 0.594375 0.3058470764617691 0.00375 0.005997001499250375
2 0.73375 0.545727136431784 0.0125 0.014992503748125937
2 0.744375 0.6551724137931034 0.01125 0.013493253373313344