0 0.189375 0.044977511244377814 0.0325 0.04047976011994003
2 0.173125 0.13268365817091454 0.0125 0.014992503748125937
2 0.15875 0.19715142428785606 0.01375 0.014992503748125937
1 0.176875 0.6506746626686657 0.03125 0.047976011994003
2 0.15 0.6379310344827587 0.04 0.1454272863568216
0 0.181875 0.48425787106446777 0.03 0.025487256371814093
0 0.19875 0.5044977511244377 0.025 0.022488755622188907
0 0.5775 0.20089955022488756 0.01625 0.031484257871064465
2 0.575625 0.2638680659670165 0.01 0.01199400299850075
2 0.5775 0.33883058470764615 0.01375 0.017991004497751123
2 0.583125 0.5644677661169415 0.015 0.019490254872563718
2 0.58625 0.7128935532233883 0.01375 0.01649175412293853
2 0.508125 0.09745127436281859 0.025 0.0239880059970015
2 0.50625 0.15592203898050974 0.01875 0.020989505247376312
2 0.65375 0.15742128935532235 0.0175 0.01649175412293853
2 0.66625 0.10719640179910045 0.01875 0.019490254872563718
2 0.205 0.20614692653673164 0.0375 0.12293853073463268
2 0.249375 0.08845577211394302 0.065 0.047976011994003
1 0.764375 0.42653673163418293 0.03125 0.07196401799100449
0 0.2025 0.3395802098950525 0.02125 0.020989505247376312
0 0.360625 0.1454272863568216 0.02375 0.0239880059970015
0 0.815625 0.56071964017991 0.02375 0.031484257871064465
2 0.811875 0.5194902548725637 0.01375 0.01649175412293853
2 0.58125 0.12143928035982009 0.09625 0.07496251874062969
2 0.178125 0.6461769115442278 0.01125 0.010494752623688156
2 0.144375 0.5142428785607196 0.0125 0.019490254872563718
3 0.735625 0.1866566716641679 0.01875 0.022488755622188907
3 0.74875 0.16041979010494753 0.0175 0.017991004497751123
3 0.761875 0.12593703148425786 0.01625 0.025487256371814093
0 0.77125 0.18815592203898052 0.01125 0.020989505247376312