2 0.4625 0.27436281859070466 0.00875 0.010494752623688156
2 0.575 0.29985007496251875 0.01 0.013493253373313344
2 0.575625 0.37031484257871067 0.01125 0.01199400299850075
2 0.57625 0.5839580209895052 0.01875 0.019490254872563718
2 0.575 0.7263868065967016 0.015 0.019490254872563718
1 0.389375 0.20089955022488756 0.02875 0.0734632683658171
0 0.763125 0.20464767616191903 0.01875 0.026986506746626688
2 0.81625 0.1896551724137931 0.0125 0.014992503748125937
2 0.82625 0.24587706146926536 0.0125 0.014992503748125937
1 0.780625 0.2646176911544228 0.0675 0.05997001499250375
2 0.768125 0.2638680659670165 0.0075 0.0074962518740629685
0 0.8175 0.5359820089955023 0.02 0.0239880059970015
0 0.805 0.41454272863568215 0.0175 0.022488755622188907
2 0.793125 0.5209895052473763 0.01375 0.013493253373313344
2 0.793125 0.5464767616191905 0.00875 0.013493253373313344
2 0.799375 0.32083958020989506 0.01125 0.014992503748125937
2 0.770625 0.31784107946026985 0.00875 0.013493253373313344
2 0.269375 0.9655172413793104 0.0575 0.05697151424287856
0 0.80625 0.10644677661169415 0.02625 0.03298350824587706
1 0.360625 0.7428785607196402 0.0675 0.08395802098950525
2 0.385625 0.22638680659670166 0.00875 0.0074962518740629685
2 0.448125 0.20464767616191903 0.0075 0.0074962518740629685
1 0.65375 0.1634182908545727 0.04625 0.10044977511244378
1 0.714375 0.17316341829085458 0.05 0.09145427286356822
0 0.89625 0.7871064467766117 0.04375 0.04047976011994003