0 0.028125 0.6896551724137931 0.05 0.049475262368815595
2 0.520625 0.48425787106446777 0.04125 0.044977511244377814
3 0.445 0.6686656671664168 0.03375 0.15592203898050974
3 0.575625 0.658920539730135 0.05875 0.136431784107946
2 0.855625 0.6904047976011994 0.0175 0.019490254872563718
2 0.206875 0.27586206896551724 0.015 0.01199400299850075
2 0.233125 0.21889055472263869 0.0175 0.013493253373313344
2 0.38625 0.15892053973013492 0.00875 0.008995502248875561
2 0.464375 0.17916041979010494 0.00625 0.0074962518740629685
2 0.46625 0.21064467766116943 0.00875 0.004497751124437781
1 0.461875 0.14767616191904048 0.04625 0.15592203898050974
0 0.464375 0.08320839580209895 0.0175 0.01649175412293853
1 0.383125 0.12443778110944528 0.03875 0.10194902548725637
1 0.313125 0.212143928035982 0.07375 0.05547226386806597
2 0.320625 0.2136431784107946 0.01625 0.013493253373313344
2 0.309375 0.2631184407796102 0.0125 0.008995502248875561
2 0.295 0.3073463268365817 0.0125 0.010494752623688156
2 0.193125 0.3275862068965517 0.01375 0.010494752623688156
2 0.1825 0.3523238380809595 0.01625 0.01199400299850075
0 0.308125 0.0712143928035982 0.03 0.0239880059970015
0 0.1675 0.09295352323838081 0.02875 0.025487256371814093
2 0.154375 0.3853073463268366 0.0175 0.013493253373313344
2 0.115625 0.4737631184407796 0.02 0.017991004497751123
0 0.1875 0.43853073463268366 0.0275 0.031484257871064465
0 0.235 0.31709145427286356 0.0275 0.03298350824587706
2 0.17875 0.5239880059970015 0.0175 0.0239880059970015
2 0.5275 0.29310344827586204 0.0325 0.026986506746626688
2 0.535 0.10569715142428786 0.01875 0.01199400299850075
2 0.536875 0.05697151424287856 0.0125 0.0074962518740629685
2 0.914375 0.24062968515742128 0.02625 0.019490254872563718
2 0.675625 0.0029985007496251873 0.01125 0.005997001499250375
1 0.74625 0.22263868065967016 0.05 0.07196401799100449
2 0.7475 0.20764617691154422 0.01375 0.010494752623688156
2 0.285625 0.13343328335832083 0.00875 0.008995502248875561
2 0.2775 0.14917541229385306 0.01 0.0074962518740629685
2 0.306875 0.13193403298350825 0.095 0.07196401799100449
2 0.346875 0.8703148425787106 0.01625 0.008995502248875561