2 0.4175 0.27511244377811095 0.01 0.010494752623688156
2 0.53375 0.29760119940029983 0.01125 0.013493253373313344
2 0.54875 0.36731634182908546 0.0125 0.01199400299850075
2 0.5925 0.5809595202398801 0.02 0.019490254872563718
2 0.61875 0.7233883058470765 0.015 0.019490254872563718
1 0.33 0.20314842578710646 0.0325 0.07646176911544228
0 0.70125 0.19865067466266867 0.02125 0.026986506746626688
2 0.750625 0.18290854572713644 0.01375 0.013493253373313344
2 0.770625 0.2391304347826087 0.01375 0.013493253373313344
1 0.73 0.2571214392803598 0.0725 0.05997001499250375
2 0.7175 0.25787106446776614 0.00875 0.0074962518740629685
0 0.821875 0.527736131934033 0.0225 0.025487256371814093
0 0.784375 0.4070464767616192 0.0175 0.022488755622188907
2 0.79375 0.512743628185907 0.015 0.01199400299850075
2 0.799375 0.5389805097451275 0.01 0.013493253373313344
2 0.759375 0.31334332833583206 0.01125 0.01649175412293853
2 0.730625 0.3118440779610195 0.01 0.013493253373313344
2 0.72375 0.2893553223388306 0.00875 0.005997001499250375
2 0.365625 0.9655172413793104 0.0625 0.047976011994003
0 0.723125 0.09970014992503748 0.02875 0.03298350824587706
1 0.4125 0.7473763118440779 0.0725 0.08545727136431784
2 0.3325 0.22938530734632684 0.01 0.0074962518740629685
2 0.38875 0.20539730134932535 0.00875 0.0074962518740629685
2 0.410625 0.212143928035982 0.0075 0.0074962518740629685
1 0.58375 0.15967016491754124 0.04875 0.10044977511244378
1 0.64625 0.1686656671664168 0.0525 0.09145427286356822
0 0.945 0.7773613193403298 0.0475 0.038980509745127435