2 0.520625 0.487256371814093 0.04 0.047976011994003
2 0.518125 0.2886056971514243 0.03375 0.037481259370314844
0 0.030625 0.7113943028485757 0.05125 0.06146926536731634
3 0.44875 0.6821589205397302 0.04625 0.14992503748125938
3 0.5925 0.6581709145427287 0.0575 0.15292353823088456
2 0.863125 0.6679160419790104 0.01875 0.01649175412293853
1 0.4525 0.1701649175412294 0.03375 0.12743628185907047
1 0.373125 0.13343328335832083 0.0325 0.10944527736131934
1 0.73625 0.2136431784107946 0.03375 0.06746626686656672
2 0.739375 0.19715142428785606 0.01375 0.014992503748125937
2 0.358125 0.8748125937031485 0.0175 0.017991004497751123
0 0.291875 0.08320839580209895 0.02375 0.025487256371814093
2 0.285 0.32158920539730135 0.01625 0.01649175412293853
0 0.1825 0.4535232383808096 0.03 0.03298350824587706
2 0.17875 0.5419790104947526 0.00875 0.019490254872563718
2 0.114375 0.4947526236881559 0.0175 0.025487256371814093
2 0.15125 0.4032983508245877 0.0175 0.020989505247376312
2 0.3 0.27211394302848574 0.0225 0.017991004497751123
2 0.5225 0.10569715142428786 0.02 0.019490254872563718
2 0.519375 0.053973013493253376 0.01375 0.01649175412293853
1 0.303125 0.22413793103448276 0.07 0.05547226386806597
2 0.299375 0.14392803598200898 0.08625 0.06896551724137931
2 0.263125 0.164167916041979 0.00875 0.013493253373313344
2 0.27125 0.14842578710644677 0.00875 0.008995502248875561
2 0.37375 0.1679160419790105 0.0075 0.013493253373313344
2 0.451875 0.18065967016491755 0.01 0.013493253373313344
2 0.455 0.2136431784107946 0.00875 0.0074962518740629685
0 0.22625 0.3350824587706147 0.02375 0.037481259370314844
2 0.311875 0.22263868065967016 0.01375 0.01649175412293853
2 0.223125 0.23388305847076463 0.015 0.013493253373313344
2 0.198125 0.2908545727136432 0.01875 0.020989505247376312
2 0.17625 0.37031484257871067 0.0175 0.014992503748125937
2 0.186875 0.34257871064467765 0.01875 0.017991004497751123
0 0.15375 0.10794602698650675 0.02875 0.0239880059970015