3 0.71125 0.46476761619190404 0.025 0.008995502248875561
3 0.635625 0.45952023988005997 0.01125 0.0074962518740629685
3 0.77875 0.4700149925037481 0.01375 0.0074962518740629685
3 0.6175 0.43778110944527737 0.00875 0.017991004497751123
3 0.625 0.3523238380809595 0.005 0.01199400299850075
3 0.631875 0.28335832083958024 0.01 0.01649175412293853
3 0.641875 0.17391304347826086 0.01625 0.022488755622188907
3 0.538125 0.11319340329835083 0.02375 0.017991004497751123
3 0.450625 0.11094452773613193 0.015 0.01199400299850075
2 0.248125 0.1701649175412294 0.005 0.005997001499250375
2 0.298125 0.17616191904047976 0.00625 0.0074962518740629685
2 0.31375 0.07196401799100449 0.00625 0.0074962518740629685
3 0.3325 0.15892053973013492 0.015 0.02848575712143928
2 0.189375 0.6424287856071964 0.00625 0.0074962518740629685
3 0.2125 0.5637181409295352 0.015 0.07496251874062969
3 0.285 0.5037481259370314 0.01625 0.0239880059970015
3 0.25375 0.795352323838081 0.01625 0.022488755622188907
3 0.268125 0.6649175412293853 0.0225 0.034482758620689655
3 0.30625 0.3275862068965517 0.02125 0.029985007496251874
2 0.216875 0.4017991004497751 0.00875 0.010494752623688156
2 0.605625 0.14617691154422788 0.00625 0.010494752623688156
3 0.186875 0.7743628185907047 0.01125 0.031484257871064465
2 0.188125 0.7743628185907047 0.005 0.010494752623688156
3 0.13875 0.27811094452773616 0.01125 0.037481259370314844
2 0.1375 0.27886056971514245 0.0075 0.010494752623688156
3 0.235625 0.3545727136431784 0.01125 0.031484257871064465
2 0.234375 0.3530734632683658 0.0075 0.008995502248875561
3 0.250625 0.23088455772113944 0.01375 0.043478260869565216
3 0.278125 0.06521739130434782 0.01625 0.038980509745127435
2 0.733125 0.27361319340329837 0.01875 0.0239880059970015
2 0.74 0.17916041979010494 0.02 0.020989505247376312
3 0.795 0.09070464767616192 0.05125 0.06296851574212893
3 0.721875 0.05697151424287856 0.03125 0.04047976011994003