2 0.350625 0.664167916041979 0.05 0.06446776611694154
2 0.49625 0.671664167916042 0.03125 0.035982008995502246
0 0.929375 0.5622188905547226 0.05625 0.05247376311844078
2 0.161875 0.8605697151424287 0.19625 0.08695652173913043
0 0.0275 0.6529235382308846 0.055 0.09745127436281859
2 0.374375 0.4955022488755622 0.03375 0.038980509745127435
2 0.40625 0.30434782608695654 0.0275 0.025487256371814093
2 0.870625 0.39655172413793105 0.01875 0.022488755622188907
2 0.838125 0.3095952023988006 0.02125 0.025487256371814093
2 0.785 0.17616191904047976 0.01375 0.013493253373313344
2 0.76625 0.12893553223388307 0.015 0.01649175412293853
0 0.711875 0.008995502248875561 0.03125 0.017991004497751123
0 0.863125 0.005997001499250375 0.02625 0.01199400299850075
2 0.899375 0.05622188905547226 0.015 0.008995502248875561
2 0.91 0.0704647676161919 0.01375 0.005997001499250375
2 0.963125 0.12968515742128936 0.01375 0.01199400299850075
2 0.4425 0.11094452773613193 0.02375 0.019490254872563718
2 0.449375 0.06446776611694154 0.01375 0.013493253373313344
2 0.5175 0.035982008995502246 0.02 0.013493253373313344
2 0.403125 0.053973013493253376 0.025 0.01649175412293853
2 0.376875 0.10944527736131934 0.02375 0.025487256371814093
2 0.385625 0.18215892053973012 0.02125 0.025487256371814093
2 0.53625 0.15967016491754124 0.02375 0.025487256371814093
2 0.540625 0.08320839580209895 0.01875 0.019490254872563718
2 0.361875 0.19790104947526238 0.00875 0.01199400299850075
3 0.281875 0.15217391304347827 0.01875 0.02848575712143928
3 0.290625 0.191904047976012 0.015 0.02848575712143928
3 0.29625 0.23088455772113944 0.015 0.02848575712143928
1 0.208125 0.3275862068965517 0.06125 0.13043478260869565
2 0.19125 0.525487256371814 0.01 0.019490254872563718
0 0.263125 0.07946026986506746 0.025 0.025487256371814093
2 0.685625 0.08470764617691154 0.01 0.01649175412293853
2 0.685 0.10569715142428786 0.015 0.014992503748125937
2 0.399375 0.8628185907046477 0.01875 0.01649175412293853
2 0.76625 0.8185907046476761 0.0175 0.019490254872563718
0 0.4525 0.035982008995502246 0.02375 0.020989505247376312
2 0.796875 0.06296851574212893 0.0725 0.08995502248875563
2 0.945625 0.4340329835082459 0.01875 0.022488755622188907
0 0.17875 0.5697151424287856 0.02875 0.04047976011994003