2 0.518125 0.48875562218890556 0.04 0.046476761619190406
2 0.490625 0.2886056971514243 0.035 0.035982008995502246
0 0.053125 0.6634182908545727 0.0525 0.05847076461769116
3 0.4725 0.6776611694152923 0.0475 0.1424287856071964
3 0.61375 0.6686656671664168 0.05875 0.1454272863568216
2 0.889375 0.7083958020989505 0.01875 0.014992503748125937
1 0.40875 0.16266866566716642 0.035 0.12143928035982009
1 0.324375 0.11694152923538231 0.03375 0.10494752623688156
1 0.70125 0.2376311844077961 0.035 0.06446776611694154
2 0.701875 0.22113943028485758 0.01375 0.013493253373313344
2 0.405625 0.8628185907046477 0.0175 0.01649175412293853
0 0.235625 0.05922038980509745 0.02375 0.0239880059970015
2 0.25875 0.29760119940029983 0.01625 0.014992503748125937
0 0.17375 0.41904047976011993 0.03125 0.031484257871064465
2 0.18125 0.507496251874063 0.01 0.017991004497751123
2 0.109375 0.4527736131934033 0.0175 0.0239880059970015
2 0.135 0.3658170914542729 0.0175 0.019490254872563718
2 0.26875 0.24962518740629686 0.0225 0.01649175412293853
2 0.47125 0.10569715142428786 0.02 0.017991004497751123
2 0.461875 0.053973013493253376 0.01375 0.014992503748125937
1 0.265625 0.20164917541229385 0.07125 0.05247376311844078
2 0.250625 0.1199400299850075 0.0875 0.06596701649175413
2 0.216875 0.13568215892053972 0.01 0.01199400299850075
2 0.2225 0.12293853073463268 0.01 0.008995502248875561
2 0.33 0.15142428785607195 0.0075 0.01199400299850075
2 0.410625 0.17466266866566715 0.01125 0.01199400299850075
2 0.4175 0.20764617691154422 0.01 0.0074962518740629685
2 0.593125 0.008245877061469266 0.01 0.010494752623688156
0 0.2025 0.30509745127436283 0.02375 0.035982008995502246
2 0.274375 0.20014992503748125 0.01375 0.014992503748125937
2 0.185625 0.20239880059970014 0.015 0.01199400299850075
2 0.168125 0.2563718140929535 0.01875 0.019490254872563718
2 0.15625 0.3343328335832084 0.0175 0.013493253373313344
2 0.163125 0.308095952023988 0.01875 0.01649175412293853
0 0.09875 0.06746626686656672 0.03 0.022488755622188907