2 0.52875 0.6721556886227545 0.025 0.02245508982035928
2 0.3775 0.6482035928143712 0.0575 0.05389221556886228
2 0.371875 0.4752994011976048 0.02875 0.023952095808383235
0 0.055625 0.6115269461077845 0.085 0.1122754491017964
0 0.944375 0.6167664670658682 0.05125 0.04790419161676647
2 0.371875 0.2851796407185629 0.025 0.025449101796407185
1 0.170625 0.2949101796407186 0.05875 0.10329341317365269
2 0.309375 0.09131736526946108 0.0225 0.023952095808383235
2 0.47 0.0845808383233533 0.02 0.020958083832335328
2 0.48125 0.1594311377245509 0.02125 0.020958083832335328
2 0.32875 0.1661676646706587 0.02 0.020958083832335328
2 0.306875 0.1781437125748503 0.01 0.010479041916167664
2 0.19 0.48577844311377244 0.01125 0.020958083832335328
0 0.188125 0.5291916167664671 0.02125 0.038922155688622756
2 0.82375 0.8532934131736527 0.02 0.008982035928143712
2 0.21625 0.8181137724550899 0.18875 0.0658682634730539
2 0.45875 0.8510479041916168 0.01875 0.011976047904191617
2 0.9425 0.48952095808383234 0.0125 0.019461077844311378
0 0.629375 0.030688622754491017 0.02125 0.03143712574850299
0 0.371875 0.03143712574850299 0.02625 0.0344311377245509
2 0.734375 0.1062874251497006 0.0875 0.09131736526946108
3 0.216875 0.11976047904191617 0.01125 0.03143712574850299
3 0.2325 0.1631736526946108 0.015 0.02694610778443114
3 0.246875 0.20359281437125748 0.01375 0.025449101796407185
0 0.784375 0.041916167664670656 0.02875 0.023952095808383235
2 0.70625 0.1594311377245509 0.0125 0.011976047904191617
2 0.831875 0.10553892215568862 0.01125 0.0074850299401197605
2 0.841875 0.11901197604790419 0.01 0.005988023952095809
2 0.859375 0.44461077844311375 0.02125 0.017964071856287425
2 0.81125 0.35254491017964074 0.02125 0.017964071856287425
2 0.733125 0.20808383233532934 0.0175 0.01347305389221557
2 0.908125 0.18488023952095808 0.0175 0.010479041916167664
2 0.95 0.23952095808383234 0.01375 0.01347305389221557
2 0.374375 0.10179640718562874 0.0225 0.010479041916167664
0 0.186875 0.04266467065868264 0.02375 0.019461077844311378