2 0.158125 0.312125748502994 0.02625 0.02844311377245509
3 0.485 0.5853293413173652 0.0375 0.07934131736526946
3 0.5325 0.6175149700598802 0.1175 0.03143712574850299
1 0.67625 0.21407185628742514 0.145 0.23353293413173654
0 0.661875 0.2949101796407186 0.03375 0.02844311377245509
0 0.705 0.21706586826347304 0.04 0.02844311377245509
0 0.66125 0.12874251497005987 0.03625 0.0344311377245509
0 0.63 0.2125748502994012 0.03 0.023952095808383235
2 0.655625 0.17440119760479042 0.0175 0.02245508982035928
2 0.664375 0.2372754491017964 0.01125 0.016467065868263474
2 0.683125 0.20134730538922155 0.01125 0.016467065868263474
2 0.691875 0.25823353293413176 0.015 0.025449101796407185
2 0.810625 0.2597305389221557 0.01 0.011976047904191617
1 0.271875 0.0815868263473054 0.02875 0.07634730538922156
1 0.4825 0.07110778443113773 0.055 0.1317365269461078
2 0.4825 0.09805389221556886 0.00875 0.008982035928143712
2 0.27125 0.07335329341317365 0.01125 0.008982035928143712
2 0.47875 0.12275449101796407 0.0075 0.005988023952095809
2 0.6125 0.3570359281437126 0.00375 0.004491017964071856
2 0.5275 0.125 0.0025 0.004491017964071856
3 0.508125 0.11302395209580839 0.01625 0.03293413173652695
3 0.751875 0.8315868263473054 0.02 0.05089820359281437
2 0.72375 0.7649700598802395 0.005 0.0074850299401197605
2 0.74875 0.7619760479041916 0.00875 0.008982035928143712
3 0.243125 0.5119760479041916 0.03 0.09880239520958084
2 0.23125 0.6639221556886228 0.01375 0.011976047904191617