2 0.37375 0.6401799100449775 0.0525 0.06146926536731634
2 0.52375 0.671664167916042 0.0325 0.03298350824587706
0 0.94625 0.6371814092953523 0.05875 0.049475262368815595
2 0.2125 0.8035982008995503 0.2075 0.07796101949025487
0 0.039375 0.5697151424287856 0.06125 0.09145427286356822
2 0.37125 0.4737631184407796 0.035 0.035982008995502246
2 0.37375 0.2848575712143928 0.02875 0.0239880059970015
2 0.86125 0.4617691154422789 0.02 0.022488755622188907
2 0.815 0.36881559220389803 0.02125 0.0239880059970015
2 0.74 0.22338830584707647 0.01375 0.01199400299850075
2 0.7125 0.1724137931034483 0.015 0.01649175412293853
0 0.6375 0.038980509745127435 0.0325 0.022488755622188907
0 0.79 0.05547226386806597 0.025 0.026986506746626688
2 0.8375 0.12293853073463268 0.015 0.008995502248875561
2 0.84875 0.13943028485757122 0.01375 0.005997001499250375
2 0.9125 0.20839580209895053 0.01375 0.010494752623688156
2 0.955 0.2623688155922039 0.02 0.017991004497751123
2 0.38 0.09895052473763119 0.025 0.017991004497751123
2 0.38 0.05247376311844078 0.01375 0.01199400299850075
2 0.445 0.035982008995502246 0.02125 0.010494752623688156
2 0.33125 0.034482758620689655 0.02625 0.013493253373313344
2 0.31375 0.08395802098950525 0.02375 0.0239880059970015
2 0.3325 0.16041979010494753 0.02125 0.0239880059970015
2 0.48375 0.1634182908545727 0.02375 0.0239880059970015
2 0.47625 0.08695652173913043 0.02 0.019490254872563718
2 0.3125 0.1724137931034483 0.01 0.010494752623688156
3 0.22375 0.11094452773613193 0.01875 0.02848575712143928
3 0.2375 0.15292353823088456 0.01375 0.02848575712143928
3 0.25 0.191904047976012 0.01375 0.02848575712143928
1 0.175 0.27436281859070466 0.06125 0.12593703148425786
2 0.19 0.47226386806596704 0.01125 0.019490254872563718
0 0.1925 0.034482758620689655 0.025 0.0239880059970015
2 0.455 0.848575712143928 0.02 0.01649175412293853
2 0.82125 0.8680659670164917 0.01875 0.019490254872563718
0 0.37875 0.0239880059970015 0.025 0.019490254872563718
2 0.73375 0.11244377811094453 0.075 0.08545727136431784
2 0.94375 0.512743628185907 0.02 0.022488755622188907
0 0.18375 0.5142428785607196 0.03 0.037481259370314844