3 0.703125 0.4565868263473054 0.02625 0.0074850299401197605
3 0.625625 0.4550898203592814 0.0125 0.0074850299401197605
3 0.771875 0.46107784431137727 0.015 0.005988023952095809
3 0.6025 0.4333832335329341 0.00875 0.016467065868263474
3 0.59125 0.34805389221556887 0.00625 0.011976047904191617
3 0.583125 0.2791916167664671 0.01 0.014970059880239521
3 0.56875 0.17140718562874252 0.0175 0.019461077844311378
3 0.451875 0.11377245508982035 0.02375 0.014970059880239521
3 0.363125 0.11377245508982035 0.0175 0.010479041916167664
2 0.175 0.17964071856287425 0.00625 0.005988023952095809
2 0.225625 0.18263473053892215 0.0075 0.0074850299401197605
2 0.2175 0.07934131736526946 0.0075 0.0074850299401197605
3 0.25625 0.1661676646706587 0.015 0.025449101796407185
2 0.221875 0.6497005988023952 0.0075 0.0074850299401197605
3 0.2275 0.5718562874251497 0.015 0.07035928143712575
3 0.28625 0.5089820359281437 0.0175 0.020958083832335328
3 0.319375 0.8008982035928144 0.0175 0.019461077844311378
3 0.30625 0.6706586826347305 0.0225 0.03143712574850299
3 0.26875 0.3338323353293413 0.02125 0.02694610778443114
2 0.19625 0.4101796407185629 0.01 0.010479041916167664
3 0.203125 0.36227544910179643 0.01125 0.029940119760479042
3 0.19125 0.23952095808383234 0.01375 0.041916167664670656
3 0.18125 0.07410179640718563 0.0175 0.03592814371257485
2 0.683125 0.26646706586826346 0.01875 0.020958083832335328
2 0.6675 0.1721556886227545 0.02 0.017964071856287425
3 0.7025 0.08308383233532934 0.055 0.058383233532934134
3 0.62125 0.051646706586826345 0.0325 0.0374251497005988