0 0.439375 0.3028485757121439 0.02625 0.034482758620689655
2 0.399375 0.31259370314842577 0.02125 0.019490254872563718
0 0.358125 0.3095952023988006 0.02625 0.031484257871064465
2 0.413125 0.3523238380809595 0.01125 0.01199400299850075
0 0.429375 0.3800599700149925 0.02625 0.031484257871064465
2 0.1575 0.7766116941529235 0.01125 0.013493253373313344
2 0.118125 0.7623688155922039 0.00875 0.013493253373313344
3 0.770625 0.7136431784107946 0.01625 0.07496251874062969
3 0.8175 0.7368815592203898 0.01875 0.07796101949025487
2 0.449375 0.3493253373313343 0.00625 0.008995502248875561
3 0.493125 0.3403298350824588 0.0125 0.043478260869565216
3 0.68 0.3275862068965517 0.02125 0.04047976011994003
3 0.19375 0.4775112443778111 0.04125 0.10044977511244378
2 0.200625 0.47301349325337333 0.03125 0.025487256371814093
3 0.186875 0.7608695652173914 0.0125 0.01649175412293853
3 0.115625 0.8373313343328336 0.025 0.053973013493253376
3 0.775 0.7661169415292354 0.11625 0.025487256371814093
3 0.465625 0.25862068965517243 0.01875 0.03298350824587706
3 0.47 0.20539730134932535 0.01625 0.029985007496251874
3 0.47375 0.15742128935532235 0.0125 0.026986506746626688
2 0.683125 0.8238380809595203 0.03 0.026986506746626688
2 0.68875 0.9805097451274363 0.02875 0.031484257871064465
2 0.5275 0.41379310344827586 0.00875 0.008995502248875561
2 0.516875 0.3950524737631184 0.01 0.010494752623688156
3 0.374375 0.7391304347826086 0.0325 0.013493253373313344
3 0.279375 0.7293853073463268 0.02875 0.020989505247376312
1 0.624375 0.48950524737631185 0.0725 0.13493253373313344