3 0.710625 0.4842814371257485 0.02375 0.008982035928143712
3 0.634375 0.4723053892215569 0.01125 0.008982035928143712
3 0.77875 0.4977544910179641 0.01375 0.0074850299401197605
3 0.614375 0.44835329341317365 0.00875 0.016467065868263474
3 0.619375 0.3630239520958084 0.00625 0.011976047904191617
3 0.62375 0.2949101796407186 0.01 0.014970059880239521
3 0.62875 0.18712574850299402 0.01625 0.020958083832335328
3 0.5225 0.11676646706586827 0.0225 0.016467065868263474
3 0.43375 0.10479041916167664 0.015 0.011976047904191617
2 0.234375 0.1437125748502994 0.005 0.005988023952095809
2 0.284375 0.15419161676646706 0.00625 0.0074850299401197605
2 0.295 0.0531437125748503 0.00625 0.0074850299401197605
3 0.31875 0.14146706586826346 0.015 0.02694610778443114
2 0.195 0.6107784431137725 0.00625 0.0074850299401197605
3 0.214375 0.5344311377245509 0.01625 0.07335329341317365
3 0.285 0.4805389221556886 0.01625 0.02245508982035928
3 0.264375 0.7709580838323353 0.01625 0.020958083832335328
3 0.274375 0.6414670658682635 0.02125 0.0344311377245509
3 0.299375 0.3061377245508982 0.02 0.029940119760479042
2 0.2125 0.3727544910179641 0.00875 0.010479041916167664
2 0.591875 0.15568862275449102 0.00625 0.010479041916167664
3 0.198125 0.7432634730538922 0.01125 0.03293413173652695
2 0.199375 0.7432634730538922 0.005 0.010479041916167664
3 0.12875 0.23952095808383234 0.0125 0.0374251497005988
2 0.1275 0.2410179640718563 0.0075 0.010479041916167664
3 0.22875 0.3255988023952096 0.01125 0.03293413173652695
2 0.228125 0.3241017964071856 0.0075 0.008982035928143712
3 0.24 0.20434131736526945 0.015 0.04491017964071856
3 0.259375 0.04266467065868264 0.0175 0.038922155688622756
2 0.725 0.29565868263473055 0.0175 0.02245508982035928
2 0.726875 0.20134730538922155 0.01875 0.019461077844311378
3 0.778125 0.11901197604790419 0.0525 0.06287425149700598
3 0.704375 0.07784431137724551 0.03125 0.041916167664670656