3 0.23875 0.47976011994003 0.03375 0.1184407796101949
2 0.16875 0.272863568215892 0.02125 0.022488755622188907
3 0.48125 0.5832083958020989 0.0375 0.08845577211394302
3 0.52375 0.6199400299850075 0.11125 0.026986506746626688
2 0.214375 0.6244377811094453 0.015 0.01199400299850075
2 0.484375 0.5697151424287856 0.0225 0.019490254872563718
1 0.686875 0.24287856071964017 0.16375 0.23088455772113944
0 0.731875 0.25112443778110943 0.03375 0.03298350824587706
0 0.6575 0.23613193403298352 0.02875 0.02848575712143928
0 0.6825 0.32008995502248877 0.03625 0.025487256371814093
2 0.71625 0.2893553223388306 0.015 0.022488755622188907
2 0.69125 0.2638680659670165 0.00875 0.01649175412293853
2 0.71375 0.23088455772113944 0.00875 0.01199400299850075
0 0.696875 0.15967016491754124 0.0325 0.031484257871064465
1 0.51875 0.08020989505247376 0.0575 0.13793103448275862
2 0.5125 0.12893553223388307 0.005 0.005997001499250375
2 0.51625 0.10344827586206896 0.0075 0.0074962518740629685
1 0.304375 0.06971514242878561 0.03625 0.06446776611694154
2 0.30625 0.05322338830584707 0.01125 0.01199400299850075
2 0.6275 0.3748125937031484 0.00375 0.005997001499250375
3 0.589375 0.2901049475262369 0.01 0.037481259370314844
2 0.5925 0.24587706146926536 0.0075 0.008995502248875561
2 0.56375 0.1409295352323838 0.00375 0.005997001499250375
2 0.83625 0.30434782608695654 0.01125 0.010494752623688156
3 0.72625 0.856071964017991 0.01625 0.053973013493253376
2 0.729375 0.7893553223388305 0.0075 0.010494752623688156
2 0.704375 0.7893553223388305 0.005 0.008995502248875561
3 0.780625 0.1724137931034483 0.045 0.022488755622188907
2 0.784375 0.1679160419790105 0.015 0.01649175412293853