2 0.436875 0.27361319340329837 0.00875 0.010494752623688156
2 0.551875 0.2983508245877061 0.01 0.013493253373313344
2 0.560625 0.36881559220389803 0.01125 0.01199400299850075
2 0.585 0.5832083958020989 0.01875 0.019490254872563718
2 0.600625 0.724887556221889 0.01375 0.019490254872563718
1 0.355625 0.20089955022488756 0.02875 0.07496251874062969
0 0.729375 0.20464767616191903 0.01875 0.026986506746626688
2 0.78 0.1889055472263868 0.0125 0.013493253373313344
2 0.79625 0.24512743628185907 0.0125 0.013493253373313344
1 0.75375 0.2631184407796102 0.0675 0.05847076461769116
2 0.74125 0.2631184407796102 0.0075 0.0074962518740629685
0 0.82125 0.5344827586206896 0.02 0.0239880059970015
0 0.795 0.41379310344827586 0.01625 0.022488755622188907
2 0.79375 0.5187406296851574 0.01375 0.01199400299850075
2 0.798125 0.545727136431784 0.00875 0.013493253373313344
2 0.7775 0.3193403298350825 0.01 0.01649175412293853
2 0.748125 0.31709145427286356 0.00875 0.013493253373313344
2 0.744375 0.2946026986506747 0.0075 0.005997001499250375
2 0.323125 0.9640179910044977 0.05875 0.050974512743628186
0 0.760625 0.10494752623688156 0.02625 0.031484257871064465
1 0.38875 0.7443778110944528 0.06625 0.08395802098950525
2 0.355 0.22638680659670166 0.00875 0.0074962518740629685
2 0.414375 0.20389805097451275 0.0075 0.0074962518740629685
2 0.435625 0.21064467766116943 0.00625 0.0074962518740629685
1 0.615 0.1634182908545727 0.04375 0.10044977511244378
1 0.67625 0.17316341829085458 0.0475 0.09145427286356822
0 0.9225 0.7863568215892054 0.0425 0.038980509745127435