3 0.19625 0.49700598802395207 0.05375 0.10778443113772455
3 0.833125 0.7050898203592815 0.03125 0.09880239520958084
3 0.79625 0.7402694610778443 0.10875 0.0344311377245509
2 0.71875 0.8061377245508982 0.03125 0.0344311377245509
2 0.205 0.49925149700598803 0.0225 0.02245508982035928
3 0.16875 0.8787425149700598 0.02625 0.058383233532934134
2 0.159375 0.8008982035928144 0.00875 0.010479041916167664
2 0.200625 0.8106287425149701 0.01 0.01347305389221557
3 0.22625 0.7919161676646707 0.02 0.023952095808383235
3 0.315625 0.7477544910179641 0.03 0.008982035928143712
3 0.4075 0.7522455089820359 0.03125 0.011976047904191617
0 0.41625 0.3068862275449102 0.02375 0.03143712574850299
0 0.34 0.3226047904191617 0.02875 0.02694610778443114
2 0.3775 0.26047904191616766 0.04375 0.04640718562874251
2 0.744375 0.9648203592814372 0.03375 0.0374251497005988
2 0.8225 0.6998502994011976 0.01875 0.01347305389221557
2 0.395625 0.35853293413173654 0.0125 0.011976047904191617
0 0.416875 0.38398203592814373 0.03 0.029940119760479042
2 0.38 0.3218562874251497 0.0225 0.019461077844311378
1 0.619375 0.47305389221556887 0.07875 0.13922155688622753
2 0.335625 0.07410179640718563 0.0825 0.08832335329341318
3 0.474375 0.3383233532934132 0.01875 0.04640718562874251
2 0.505 0.38997005988023953 0.00625 0.005988023952095809
2 0.5175 0.4094311377245509 0.01 0.005988023952095809
2 0.596875 0.12275449101796407 0.01125 0.011976047904191617
3 0.65375 0.3046407185628742 0.02125 0.0374251497005988