0 0.89875 0.7473763118440779 0.03375 0.038980509745127435
2 0.824375 0.2181409295352324 0.01375 0.014992503748125937
2 0.814375 0.16041979010494753 0.0125 0.013493253373313344
0 0.803125 0.08170914542728636 0.02125 0.0239880059970015
0 0.75875 0.18290854572713644 0.01875 0.0239880059970015
2 0.2775 0.9782608695652174 0.07875 0.04047976011994003
2 0.578125 0.7166416791604198 0.01375 0.014992503748125937
2 0.5775 0.5764617691154422 0.01625 0.01649175412293853
2 0.574375 0.36356821589205396 0.0125 0.01199400299850075
2 0.5725 0.29160419790104947 0.01375 0.01199400299850075
2 0.45875 0.27961019490254874 0.005 0.004497751124437781
2 0.7975 0.5149925037481259 0.01 0.008995502248875561
2 0.795 0.4910044977511244 0.01125 0.01199400299850075
0 0.823125 0.5029985007496252 0.02875 0.020989505247376312
0 0.805 0.3830584707646177 0.02125 0.022488755622188907
1 0.38125 0.22338830584707647 0.02125 0.050974512743628186
1 0.715 0.15292353823088456 0.04875 0.08095952023988005
1 0.65 0.14842578710644677 0.05 0.08395802098950525
1 0.775 0.2383808095952024 0.07625 0.05997001499250375
2 0.77125 0.2901049475262369 0.01375 0.014992503748125937
2 0.79875 0.29235382308845576 0.01 0.013493253373313344
2 0.768125 0.27061469265367316 0.01 0.008995502248875561
2 0.381875 0.2391304347826087 0.01 0.005997001499250375
2 0.76625 0.2391304347826087 0.00875 0.010494752623688156