2 0.20875 0.29685157421289354 0.025 0.026986506746626688
3 0.46125 0.5854572713643178 0.03625 0.07646176911544228
3 0.50125 0.618440779610195 0.11375 0.031484257871064465
1 0.753125 0.22563718140929534 0.14 0.22788605697151423
0 0.7175 0.30359820089955025 0.0325 0.026986506746626688
0 0.781875 0.22863568215892055 0.03875 0.026986506746626688
0 0.761875 0.1401799100449775 0.035 0.034482758620689655
0 0.7075 0.22113943028485758 0.03 0.022488755622188907
2 0.74375 0.18440779610194902 0.0175 0.020989505247376312
2 0.73625 0.24737631184407796 0.01125 0.014992503748125937
2 0.765 0.2128935532233883 0.01125 0.014992503748125937
2 0.7575 0.2698650674662669 0.015 0.0239880059970015
2 0.87625 0.2773613193403298 0.01 0.01199400299850075
1 0.385 0.07571214392803598 0.02875 0.0734632683658171
1 0.59875 0.07421289355322339 0.05375 0.12893553223388307
2 0.5925 0.10119940029985007 0.0075 0.008995502248875561
2 0.3875 0.06671664167916042 0.01125 0.008995502248875561
2 0.58125 0.12443778110944528 0.00625 0.005997001499250375
2 0.65125 0.36281859070464767 0.00375 0.004497751124437781
2 0.63 0.13043478260869565 0.0025 0.004497751124437781
3 0.614375 0.11544227886056972 0.01625 0.03298350824587706
3 0.66125 0.841079460269865 0.01875 0.049475262368815595
2 0.650625 0.7743628185907047 0.005 0.0074962518740629685
2 0.678125 0.7713643178410795 0.0075 0.008995502248875561
3 0.24 0.5007496251874063 0.03 0.09745127436281859
2 0.186875 0.6499250374812594 0.01375 0.01199400299850075