0 0.93875 0.7871064467766117 0.0325 0.038980509745127435
2 0.78125 0.24662668665667167 0.01375 0.013493253373313344
2 0.7625 0.1874062968515742 0.0125 0.013493253373313344
0 0.739375 0.10794602698650675 0.02 0.0239880059970015
0 0.710625 0.20614692653673164 0.0175 0.0239880059970015
2 0.350625 0.9647676161919041 0.0775 0.049475262368815595
2 0.611875 0.724887556221889 0.0125 0.01649175412293853
2 0.59 0.5847076461769115 0.015 0.01649175412293853
2 0.553125 0.36881559220389803 0.0125 0.01199400299850075
2 0.540625 0.29685157421289354 0.01375 0.010494752623688156
2 0.424375 0.27361319340329837 0.005 0.004497751124437781
2 0.800625 0.5442278860569715 0.01 0.008995502248875561
2 0.79375 0.5187406296851574 0.01125 0.01199400299850075
0 0.82375 0.532983508245877 0.0275 0.020989505247376312
0 0.7875 0.4122938530734633 0.02 0.022488755622188907
1 0.338125 0.2098950524737631 0.02 0.05247376311844078
1 0.66125 0.17166416791604197 0.04625 0.08395802098950525
1 0.595 0.16041979010494753 0.0475 0.08695652173913043
1 0.735 0.2631184407796102 0.075 0.05997001499250375
2 0.738125 0.3140929535232384 0.0125 0.01649175412293853
2 0.7675 0.3193403298350825 0.01 0.013493253373313344
2 0.733125 0.2946026986506747 0.01 0.008995502248875561
2 0.34125 0.22638680659670166 0.01 0.005997001499250375
2 0.72625 0.2631184407796102 0.00875 0.010494752623688156