2 0.154375 0.31961077844311375 0.02625 0.02694610778443114
2 0.496875 0.5726047904191617 0.02125 0.017964071856287425
3 0.48625 0.5868263473053892 0.03875 0.07634730538922156
3 0.535 0.6160179640718563 0.12 0.03143712574850299
1 0.67 0.20958083832335328 0.14625 0.2275449101796407
0 0.658125 0.28892215568862273 0.03375 0.02694610778443114
0 0.70125 0.2088323353293413 0.03625 0.025449101796407185
0 0.65375 0.12425149700598802 0.03625 0.0344311377245509
0 0.62375 0.20808383233532934 0.03125 0.02245508982035928
2 0.649375 0.16841317365269462 0.01875 0.020958083832335328
2 0.659375 0.2312874251497006 0.01125 0.014970059880239521
2 0.678125 0.19535928143712575 0.01125 0.014970059880239521
2 0.688125 0.2522455089820359 0.015 0.023952095808383235
2 0.805625 0.25074850299401197 0.01 0.011976047904191617
2 0.740625 0.11751497005988024 0.0125 0.0074850299401197605
3 0.73875 0.1279940119760479 0.0425 0.020958083832335328
1 0.264375 0.0875748502994012 0.03 0.07335329341317365
1 0.47375 0.07110778443113773 0.05625 0.12874251497005987
2 0.475 0.09655688622754491 0.00875 0.008982035928143712
2 0.26375 0.07784431137724551 0.01125 0.008982035928143712
3 0.47125 0.019461077844311378 0.02875 0.014970059880239521
2 0.4725 0.12125748502994012 0.0075 0.005988023952095809
2 0.60875 0.35254491017964074 0.00375 0.004491017964071856
2 0.52125 0.12350299401197605 0.0025 0.004491017964071856
3 0.501875 0.11152694610778444 0.0175 0.03293413173652695
3 0.756875 0.8255988023952096 0.02 0.04940119760479042
2 0.72875 0.7589820359281437 0.00625 0.0074850299401197605
2 0.75375 0.7559880239520959 0.00875 0.008982035928143712
3 0.244375 0.5179640718562875 0.03125 0.09730538922155689
2 0.235 0.6714071856287425 0.01375 0.011976047904191617