2 0.745 0.8530734632683659 0.0525 0.05847076461769116
2 0.348125 0.8013493253373314 0.015 0.014992503748125937
2 0.281875 0.6086956521739131 0.01625 0.017991004497751123
2 0.15 0.20914542728635682 0.005 0.005997001499250375
1 0.1025 0.4085457271364318 0.0575 0.041979010494752625
1 0.0375 0.5539730134932533 0.05 0.10644677661169415
2 0.03375 0.5719640179910045 0.01625 0.014992503748125937
2 0.29 0.7563718140929535 0.01125 0.01199400299850075
1 0.35125 0.7308845577211395 0.07375 0.11094452773613193
0 0.28375 0.5022488755622189 0.02625 0.017991004497751123
0 0.27875 0.4272863568215892 0.025 0.019490254872563718
0 0.256875 0.3808095952023988 0.02125 0.022488755622188907
1 0.29625 0.15067466266866567 0.05125 0.08395802098950525
2 0.286875 0.12518740629685157 0.0075 0.005997001499250375
2 0.885625 0.2856071964017991 0.01 0.008995502248875561
2 0.865 0.2376311844077961 0.01125 0.010494752623688156
0 0.83875 0.17091454272863568 0.02 0.0239880059970015
1 0.841875 0.3028485757121439 0.07 0.08095952023988005
0 0.80375 0.24512743628185907 0.02125 0.019490254872563718
2 0.6725 0.3320839580209895 0.01125 0.010494752623688156
2 0.691875 0.39430284857571213 0.01125 0.01199400299850075
0 0.905625 0.3988005997001499 0.015 0.017991004497751123
0 0.88875 0.41904047976011993 0.02 0.017991004497751123
0 0.9225 0.5172413793103449 0.015 0.014992503748125937
0 0.9425 0.49775112443778113 0.02 0.022488755622188907
2 0.8975 0.5059970014992504 0.00875 0.0074962518740629685
2 0.90625 0.5269865067466267 0.01 0.01199400299850075
1 0.975625 0.6131934032983508 0.04625 0.10194902548725637
2 0.55875 0.31334332833583206 0.00375 0.005997001499250375
2 0.744375 0.5719640179910045 0.01125 0.014992503748125937
2 0.775 0.684407796101949 0.01125 0.013493253373313344