0 0.213125 0.09745127436281859 0.03625 0.041979010494752625
2 0.190625 0.18815592203898052 0.015 0.017991004497751123
2 0.17375 0.25337331334332835 0.0175 0.017991004497751123
1 0.16625 0.7001499250374813 0.03625 0.049475262368815595
2 0.139375 0.691904047976012 0.0475 0.15292353823088456
0 0.18 0.5344827586206896 0.03375 0.026986506746626688
0 0.195625 0.5524737631184408 0.03 0.0239880059970015
0 0.595625 0.1911544227886057 0.01875 0.034482758620689655
2 0.589375 0.25412293853073464 0.01125 0.013493253373313344
2 0.58625 0.328335832083958 0.0175 0.020989505247376312
2 0.58 0.5494752623688156 0.01875 0.022488755622188907
2 0.575625 0.6986506746626686 0.0175 0.019490254872563718
2 0.53125 0.09970014992503748 0.02875 0.025487256371814093
2 0.52625 0.15817091454272864 0.0225 0.022488755622188907
2 0.675 0.13718140929535233 0.02125 0.019490254872563718
2 0.69 0.08545727136431784 0.0225 0.020989505247376312
2 0.219375 0.2563718140929535 0.04375 0.12893553223388307
2 0.27 0.13268365817091454 0.07375 0.05247376311844078
1 0.77125 0.3853073463268366 0.035 0.07646176911544228
0 0.20875 0.38830584707646176 0.025 0.022488755622188907
0 0.37875 0.17166416791604197 0.02625 0.025487256371814093
0 0.814375 0.5104947526236882 0.02625 0.03298350824587706
2 0.8125 0.4707646176911544 0.0175 0.019490254872563718
2 0.603125 0.11169415292353824 0.10875 0.08095952023988005
2 0.166875 0.6956521739130435 0.0125 0.01199400299850075
2 0.14125 0.5712143928035982 0.015 0.022488755622188907
3 0.754375 0.15292353823088456 0.02125 0.025487256371814093
3 0.769375 0.12368815592203898 0.02125 0.020989505247376312
3 0.785625 0.08995502248875563 0.01875 0.02848575712143928
0 0.790625 0.14917541229385306 0.01375 0.022488755622188907