2 0.205 0.6154422788605697 0.00625 0.010494752623688156
3 0.215625 0.5367316341829086 0.0125 0.07646176911544228
2 0.204375 0.3778110944527736 0.0075 0.010494752623688156
3 0.221875 0.212143928035982 0.01 0.047976011994003
2 0.210625 0.14767616191904048 0.00875 0.010494752623688156
3 0.218125 0.7511244377811095 0.01875 0.05547226386806597
3 0.2825 0.7788605697151424 0.015 0.022488755622188907
3 0.2825 0.6476761619190404 0.0175 0.025487256371814093
3 0.28375 0.48125937031484256 0.01875 0.026986506746626688
3 0.2925 0.1431784107946027 0.01625 0.0239880059970015
3 0.2875 0.3095952023988006 0.01625 0.020989505247376312
2 0.215625 0.7496251874062968 0.00625 0.0074962518740629685
2 0.2675 0.053973013493253376 0.00875 0.008995502248875561
2 0.261875 0.15517241379310345 0.0075 0.008995502248875561
3 0.604375 0.18515742128935533 0.0075 0.019490254872563718
3 0.60875 0.29310344827586204 0.0125 0.02848575712143928
3 0.609375 0.3613193403298351 0.0075 0.019490254872563718
3 0.610625 0.44677661169415295 0.00625 0.019490254872563718
2 0.71125 0.29235382308845576 0.01625 0.019490254872563718
2 0.706875 0.19490254872563717 0.0175 0.019490254872563718
3 0.49875 0.1176911544227886 0.02125 0.01199400299850075
3 0.41125 0.10644677661169415 0.0225 0.01199400299850075
3 0.6725 0.07721139430284858 0.03375 0.04047976011994003
3 0.753125 0.11619190404797601 0.05625 0.06896551724137931
3 0.70625 0.4827586206896552 0.0225 0.01199400299850075
3 0.63 0.4700149925037481 0.015 0.008995502248875561
3 0.775625 0.49250374812593706 0.0225 0.010494752623688156
3 0.22875 0.043478260869565216 0.015 0.029985007496251874