0 0.458125 0.3095952023988006 0.025 0.034482758620689655
2 0.41625 0.32458770614692656 0.02125 0.019490254872563718
0 0.375 0.32608695652173914 0.025 0.031484257871064465
2 0.425625 0.3613193403298351 0.01 0.01199400299850075
0 0.440625 0.38830584707646176 0.025 0.031484257871064465
2 0.13125 0.8260869565217391 0.01 0.013493253373313344
2 0.0925 0.8170914542728636 0.0075 0.013493253373313344
3 0.753125 0.6784107946026986 0.01625 0.07496251874062969
3 0.7975 0.6964017991004497 0.01875 0.07796101949025487
2 0.461875 0.3553223388305847 0.00625 0.008995502248875561
3 0.508125 0.3403298350824588 0.0125 0.043478260869565216
3 0.696875 0.3020989505247376 0.02125 0.04047976011994003
3 0.195 0.5179910044977512 0.04 0.10044977511244378
2 0.20125 0.5134932533733133 0.03 0.025487256371814093
3 0.1625 0.8065967016491754 0.0125 0.01649175412293853
3 0.083125 0.8920539730134932 0.02375 0.053973013493253376
3 0.751875 0.7308845577211395 0.1125 0.025487256371814093
3 0.488125 0.260119940029985 0.01875 0.03298350824587706
3 0.49625 0.20614692653673164 0.01625 0.029985007496251874
3 0.50375 0.15817091454272864 0.0125 0.026986506746626688
2 0.65375 0.8013493253373314 0.02875 0.026986506746626688
2 0.64625 0.9587706146926537 0.0275 0.031484257871064465
2 0.53625 0.4077961019490255 0.0075 0.008995502248875561
2 0.526875 0.39355322338830584 0.00875 0.010494752623688156
3 0.3525 0.7586206896551724 0.03125 0.013493253373313344
3 0.25875 0.7608695652173914 0.0275 0.020989505247376312
1 0.625625 0.47301349325337333 0.07 0.13493253373313344