0 0.114375 0.7904191616766467 0.045 0.0344311377245509
0 0.10375 0.05913173652694611 0.02625 0.029940119760479042
0 0.518125 0.19910179640718562 0.01625 0.025449101796407185
2 0.623125 0.7028443113772455 0.01375 0.01347305389221557
2 0.595625 0.5598802395209581 0.0175 0.020958083832335328
2 0.5475 0.33532934131736525 0.01625 0.014970059880239521
2 0.53 0.26047904191616766 0.01 0.010479041916167664
2 0.104375 0.20958083832335328 0.0175 0.017964071856287425
2 0.105 0.14595808383233533 0.01625 0.011976047904191617
0 0.17875 0.49326347305389223 0.03875 0.016467065868263474
0 0.20125 0.5164670658682635 0.03 0.023952095808383235
0 0.29375 0.15269461077844312 0.0125 0.017964071856287425
2 0.430625 0.09880239520958084 0.0275 0.02245508982035928
2 0.4375 0.15419161676646706 0.02 0.014970059880239521
2 0.585 0.15419161676646706 0.01875 0.014970059880239521
2 0.589375 0.09730538922155689 0.02125 0.019461077844311378
2 0.508125 0.11676646706586827 0.10625 0.06287425149700598
1 0.20875 0.6609281437125748 0.03 0.04491017964071856
2 0.180625 0.6526946107784432 0.0425 0.13323353293413173
0 0.17125 0.3495508982035928 0.03 0.014970059880239521
2 0.150625 0.2148203592814371 0.045 0.10778443113772455
1 0.75 0.4258982035928144 0.03125 0.07335329341317365
2 0.178125 0.10254491017964072 0.0675 0.03293413173652695
2 0.20875 0.656437125748503 0.01 0.014970059880239521
2 0.815 0.5097305389221557 0.01375 0.019461077844311378
2 0.150625 0.5284431137724551 0.02 0.020958083832335328
3 0.689375 0.11901197604790419 0.0125 0.017964071856287425
3 0.68125 0.14895209580838323 0.01375 0.017964071856287425
3 0.675625 0.18113772455089822 0.0175 0.020958083832335328
0 0.709375 0.18038922155688622 0.0175 0.02844311377245509