3 0.708125 0.4782934131736527 0.02625 0.008982035928143712
3 0.631875 0.469311377245509 0.0125 0.008982035928143712
3 0.7775 0.4902694610778443 0.015 0.0074850299401197605
3 0.610625 0.4453592814371258 0.01 0.016467065868263474
3 0.609375 0.36002994011976047 0.00625 0.011976047904191617
3 0.60875 0.29191616766467066 0.01125 0.014970059880239521
3 0.60625 0.18413173652694612 0.0175 0.020958083832335328
3 0.495 0.11526946107784432 0.025 0.016467065868263474
3 0.405 0.1062874251497006 0.01625 0.011976047904191617
2 0.208125 0.15119760479041916 0.005 0.005988023952095809
2 0.259375 0.1601796407185629 0.00625 0.0074850299401197605
2 0.2625 0.05763473053892216 0.00625 0.0074850299401197605
3 0.2925 0.14595808383233533 0.01625 0.02694610778443114
2 0.20375 0.6182634730538922 0.00625 0.0074850299401197605
3 0.216875 0.5419161676646707 0.0175 0.0718562874251497
3 0.28375 0.4865269461077844 0.0175 0.02245508982035928
3 0.285625 0.7769461077844312 0.0175 0.020958083832335328
3 0.285625 0.6474550898203593 0.02375 0.03293413173652695
3 0.285625 0.312125748502994 0.02125 0.02844311377245509
2 0.20375 0.38023952095808383 0.01 0.010479041916167664
2 0.565625 0.15269461077844312 0.00625 0.010479041916167664
3 0.216875 0.750748502994012 0.0125 0.03143712574850299
2 0.218125 0.750748502994012 0.005 0.010479041916167664
3 0.11125 0.25 0.01375 0.03592814371257485
2 0.11 0.25149700598802394 0.00875 0.010479041916167664
3 0.21625 0.33308383233532934 0.0125 0.03143712574850299
2 0.215625 0.3315868263473054 0.00875 0.008982035928143712
3 0.21875 0.2118263473053892 0.01625 0.04341317365269461
3 0.226875 0.048652694610778445 0.01875 0.0374251497005988
2 0.70875 0.28967065868263475 0.01875 0.02245508982035928
2 0.704375 0.19535928143712575 0.02 0.019461077844311378
3 0.749375 0.11152694610778444 0.05625 0.061377245508982034
3 0.671875 0.0718562874251497 0.03375 0.040419161676646706