2 0.49875 0.6721556886227545 0.02375 0.025449101796407185
2 0.350625 0.6317365269461078 0.05125 0.05688622754491018
2 0.375625 0.46032934131736525 0.02625 0.02694610778443114
0 0.036875 0.5576347305389222 0.07375 0.12125748502994012
0 0.925 0.6661676646706587 0.045 0.04940119760479042
2 0.40875 0.2747005988023952 0.02375 0.02844311377245509
1 0.205 0.2597305389221557 0.05375 0.10778443113772455
2 0.379375 0.07709580838323353 0.02125 0.02694610778443114
2 0.541875 0.08982035928143713 0.0175 0.02245508982035928
2 0.54 0.16467065868263472 0.01875 0.023952095808383235
2 0.38625 0.15194610778443113 0.0175 0.02245508982035928
2 0.361875 0.1631736526946108 0.00875 0.011976047904191617
2 0.190625 0.4498502994011976 0.01 0.02245508982035928
0 0.181875 0.49251497005988026 0.02 0.041916167664670656
2 0.763125 0.8839820359281437 0.0175 0.008982035928143712
2 0.159375 0.7791916167664671 0.1675 0.0748502994011976
2 0.3975 0.8405688622754491 0.01625 0.01347305389221557
2 0.945 0.5411676646706587 0.01125 0.020958083832335328
0 0.71125 0.05464071856287425 0.02 0.0344311377245509
0 0.4525 0.02470059880239521 0.025 0.0374251497005988
2 0.80375 0.14146706586826346 0.07875 0.09730538922155689
3 0.2825 0.09431137724550898 0.01125 0.03293413173652695
3 0.29 0.13922155688622753 0.015 0.02844311377245509
3 0.2975 0.17964071856287425 0.01375 0.02694610778443114
0 0.864375 0.08383233532934131 0.02625 0.02694610778443114
2 0.76625 0.19086826347305388 0.01125 0.01347305389221557
2 0.90125 0.15119760479041916 0.01 0.0074850299401197605
2 0.909375 0.16691616766467066 0.00875 0.005988023952095809
2 0.87 0.48727544910179643 0.01875 0.020958083832335328
2 0.838125 0.39146706586826346 0.01875 0.020958083832335328
2 0.784375 0.2410179640718563 0.015 0.014970059880239521
2 0.96375 0.23952095808383234 0.015 0.011976047904191617
2 0.994375 0.2964071856287425 0.00875 0.016467065868263474
2 0.443125 0.09431137724550898 0.02 0.01347305389221557
0 0.265625 0.015718562874251496 0.02125 0.02245508982035928