2 0.72875 0.8540419161676647 0.05375 0.058383233532934134
2 0.333125 0.7964071856287425 0.01625 0.016467065868263474
2 0.27625 0.6040419161676647 0.0175 0.019461077844311378
2 0.1625 0.20434131736526945 0.005 0.005988023952095809
1 0.105 0.40194610778443113 0.0575 0.041916167664670656
1 0.0325 0.5456586826347305 0.05375 0.10479041916167664
2 0.02875 0.562874251497006 0.0175 0.016467065868263474
2 0.2775 0.7514970059880239 0.01125 0.011976047904191617
1 0.34 0.7267964071856288 0.07625 0.11077844311377245
0 0.2825 0.49850299401197606 0.0275 0.019461077844311378
0 0.280625 0.4236526946107784 0.02625 0.020958083832335328
0 0.26125 0.37649700598802394 0.02125 0.023952095808383235
1 0.3125 0.14820359281437126 0.05375 0.08383233532934131
2 0.30375 0.12275449101796407 0.00625 0.005988023952095809
2 0.898125 0.2926646706586826 0.01 0.008982035928143712
2 0.879375 0.2432634730538922 0.01125 0.010479041916167664
0 0.855625 0.17664670658682635 0.02 0.025449101796407185
1 0.8525 0.3091317365269461 0.07125 0.08083832335329341
0 0.8175 0.25 0.02125 0.020958083832335328
2 0.68125 0.33532934131736525 0.01125 0.010479041916167664
2 0.6975 0.39595808383233533 0.01125 0.011976047904191617
0 0.9125 0.40494011976047906 0.01625 0.019461077844311378
0 0.89375 0.4244011976047904 0.02 0.019461077844311378
0 0.924375 0.5217065868263473 0.01625 0.016467065868263474
0 0.944375 0.5037425149700598 0.02 0.023952095808383235
2 0.89875 0.5112275449101796 0.00875 0.0074850299401197605
2 0.908125 0.5329341317365269 0.01 0.011976047904191617
1 0.97375 0.6190119760479041 0.05 0.10029940119760479
2 0.568125 0.31511976047904194 0.00375 0.005988023952095809
2 0.741875 0.5748502994011976 0.0125 0.014970059880239521
2 0.766875 0.686377245508982 0.01125 0.01347305389221557