2 0.48625 0.6731634182908546 0.025 0.0239880059970015
2 0.34125 0.6461769115442278 0.055 0.05547226386806597
2 0.3775 0.47226386806596704 0.0275 0.025487256371814093
0 0.035625 0.5989505247376312 0.07125 0.1184407796101949
0 0.915625 0.6296851574212894 0.04875 0.049475262368815595
2 0.424375 0.28335832083958024 0.025 0.026986506746626688
1 0.220625 0.2856071964017991 0.0575 0.10494752623688156
2 0.409375 0.08695652173913043 0.0225 0.025487256371814093
2 0.570625 0.08620689655172414 0.02 0.022488755622188907
2 0.56375 0.16116941529235382 0.02125 0.022488755622188907
2 0.41 0.1619190404797601 0.02 0.022488755622188907
2 0.385625 0.17391304347826086 0.00875 0.010494752623688156
2 0.191875 0.4767616191904048 0.0125 0.020989505247376312
0 0.18 0.5209895052473763 0.02125 0.04047976011994003
2 0.738125 0.8620689655172413 0.01875 0.010494752623688156
2 0.13875 0.8095952023988006 0.17875 0.0734632683658171
2 0.37375 0.8500749625187406 0.0175 0.013493253373313344
2 0.94375 0.5029985007496252 0.01375 0.019490254872563718
0 0.7425 0.03673163418290855 0.02125 0.03298350824587706
0 0.485625 0.029985007496251874 0.02625 0.035982008995502246
2 0.830625 0.11469265367316342 0.085 0.0944527736131934
3 0.309375 0.11394302848575712 0.0125 0.031484257871064465
3 0.315 0.15742128935532235 0.01625 0.029985007496251874
3 0.319375 0.19865067466266867 0.015 0.026986506746626688
0 0.894375 0.05247376311844078 0.0275 0.025487256371814093
2 0.788125 0.1679160419790105 0.0125 0.01199400299850075
2 0.928125 0.1176911544227886 0.01 0.0074962518740629685
2 0.935 0.13193403298350825 0.00875 0.005997001499250375
2 0.873125 0.4550224887556222 0.02125 0.019490254872563718
2 0.8475 0.36281859070464767 0.02125 0.019490254872563718
2 0.80375 0.21739130434782608 0.01625 0.014992503748125937
2 0.984375 0.20014992503748125 0.01625 0.01199400299850075
2 0.47125 0.09970014992503748 0.02125 0.01199400299850075
0 0.29875 0.035982008995502246 0.02375 0.020989505247376312