0 0.88875 0.7368815592203898 0.035 0.04047976011994003
2 0.834375 0.21064467766116943 0.01375 0.014992503748125937
2 0.826875 0.15292353823088456 0.0125 0.013493253373313344
0 0.818125 0.07421289355322339 0.0225 0.0239880059970015
0 0.77125 0.17691154422788605 0.02 0.0239880059970015
2 0.259375 0.97976011994003 0.08375 0.037481259370314844
2 0.570625 0.7136431784107946 0.01375 0.014992503748125937
2 0.575 0.5734632683658171 0.0175 0.01649175412293853
2 0.579375 0.3620689655172414 0.0125 0.01199400299850075
2 0.58125 0.2901049475262369 0.01375 0.01199400299850075
2 0.4675 0.2811094452773613 0.00625 0.004497751124437781
2 0.79625 0.507496251874063 0.01 0.008995502248875561
2 0.795 0.4835082458770615 0.01125 0.01199400299850075
0 0.823125 0.49400299850074963 0.03 0.020989505247376312
0 0.80875 0.37556221889055474 0.0225 0.022488755622188907
1 0.3925 0.22788605697151423 0.0225 0.05247376311844078
1 0.7275 0.14842578710644677 0.05125 0.08245877061469266
1 0.6625 0.1454272863568216 0.0525 0.08545727136431784
1 0.785 0.23238380809595202 0.07875 0.06146926536731634
2 0.77875 0.2841079460269865 0.01375 0.014992503748125937
2 0.8075 0.2848575712143928 0.01 0.013493253373313344
2 0.776875 0.2646176911544228 0.01 0.008995502248875561
2 0.391875 0.2436281859070465 0.01 0.005997001499250375
2 0.77625 0.2331334332833583 0.00875 0.010494752623688156