0 0.21375 0.053973013493253376 0.03375 0.041979010494752625
2 0.1925 0.1424287856071964 0.01375 0.017991004497751123
2 0.175 0.20764617691154422 0.015 0.017991004497751123
1 0.17 0.6604197901049476 0.03375 0.049475262368815595
2 0.143125 0.6499250374812594 0.04375 0.15292353823088456
0 0.183125 0.49400299850074963 0.03125 0.026986506746626688
0 0.19875 0.5149925037481259 0.0275 0.0239880059970015
0 0.593125 0.19790104947526238 0.01625 0.034482758620689655
2 0.5875 0.2608695652173913 0.01 0.013493253373313344
2 0.585625 0.335832083958021 0.015 0.020989505247376312
2 0.579375 0.5614692653673163 0.01625 0.022488755622188907
2 0.575625 0.7113943028485757 0.015 0.019490254872563718
2 0.52875 0.095952023988006 0.02625 0.025487256371814093
2 0.52375 0.15442278860569716 0.02125 0.022488755622188907
2 0.67125 0.15367316341829085 0.02 0.019490254872563718
2 0.685625 0.10194902548725637 0.02125 0.020989505247376312
2 0.220625 0.2151424287856072 0.04 0.12893553223388307
2 0.271875 0.0967016491754123 0.0675 0.05247376311844078
1 0.768125 0.41829085457271364 0.0325 0.07646176911544228
0 0.210625 0.35007496251874065 0.02375 0.022488755622188907
0 0.379375 0.14992503748125938 0.025 0.025487256371814093
0 0.811875 0.5502248875562219 0.025 0.03298350824587706
2 0.81 0.5097451274362819 0.015 0.019490254872563718
2 0.6 0.1176911544227886 0.1 0.08095952023988005
2 0.17125 0.6559220389805097 0.01125 0.01199400299850075
2 0.144375 0.5262368815592204 0.01375 0.022488755622188907
3 0.75125 0.17841079460269865 0.02 0.025487256371814093
3 0.765625 0.15067466266866567 0.02 0.020989505247376312
3 0.78125 0.1184407796101949 0.01625 0.02848575712143928
0 0.786875 0.17916041979010494 0.0125 0.022488755622188907