2 0.36125 0.631184407796102 0.05375 0.06446776611694154
2 0.51 0.671664167916042 0.0325 0.034482758620689655
0 0.938125 0.664167916041979 0.06 0.05247376311844078
2 0.185 0.782608695652174 0.20375 0.08995502248875563
0 0.0325 0.54047976011994 0.0575 0.095952023988006
2 0.3725 0.46551724137931033 0.035 0.037481259370314844
2 0.390625 0.280359820089955 0.02875 0.025487256371814093
2 0.866875 0.48500749625187406 0.02 0.0239880059970015
2 0.8275 0.38980509745127434 0.02125 0.025487256371814093
2 0.765 0.2413793103448276 0.01375 0.013493253373313344
2 0.740625 0.1904047976011994 0.01625 0.017991004497751123
0 0.67625 0.05547226386806597 0.0325 0.020989505247376312
0 0.82875 0.07946026986506746 0.02625 0.02848575712143928
2 0.870625 0.14767616191904048 0.015 0.010494752623688156
2 0.8825 0.1664167916041979 0.01375 0.0074962518740629685
2 0.940625 0.2391304347826087 0.01375 0.01199400299850075
2 0.41125 0.0952023988005997 0.02625 0.019490254872563718
2 0.415625 0.049475262368815595 0.01375 0.013493253373313344
2 0.4825 0.03823088455772114 0.02 0.01199400299850075
2 0.3675 0.029985007496251874 0.02625 0.01649175412293853
2 0.345625 0.07796101949025487 0.025 0.025487256371814093
2 0.36 0.15292353823088456 0.02125 0.025487256371814093
2 0.51125 0.1671664167916042 0.025 0.025487256371814093
2 0.509375 0.09070464767616192 0.02 0.020989505247376312
2 0.338125 0.1634182908545727 0.01 0.010494752623688156
3 0.253125 0.09895052473763119 0.01875 0.029985007496251874
3 0.26375 0.1409295352323838 0.015 0.02848575712143928
3 0.273125 0.18065967016491755 0.015 0.02848575712143928
1 0.190625 0.2571214392803598 0.06375 0.12893553223388307
2 0.189375 0.4527736131934033 0.0125 0.019490254872563718
0 0.2275 0.020989505247376312 0.02625 0.025487256371814093
2 0.656875 0.12668665667166418 0.0125 0.01649175412293853
2 0.6575 0.14767616191904048 0.015 0.01649175412293853
2 0.42625 0.841079460269865 0.02 0.017991004497751123
2 0.793125 0.8830584707646177 0.01875 0.020989505247376312
0 0.416875 0.022488755622188907 0.02625 0.020989505247376312
2 0.768125 0.13268365817091454 0.07625 0.08995502248875563
2 0.94625 0.54047976011994 0.02 0.0239880059970015
0 0.180625 0.49400299850074963 0.03 0.038980509745127435