2 0.468125 0.2766116941529235 0.01 0.010494752623688156
2 0.580625 0.29685157421289354 0.01125 0.013493253373313344
2 0.579375 0.36731634182908546 0.0125 0.01199400299850075
2 0.57375 0.5802098950524738 0.01875 0.017991004497751123
2 0.569375 0.7211394302848576 0.015 0.017991004497751123
1 0.398125 0.20539730134932535 0.03 0.07196401799100449
0 0.771875 0.1956521739130435 0.01875 0.025487256371814093
2 0.825625 0.17841079460269865 0.01375 0.013493253373313344
2 0.8325 0.2331334332833583 0.01375 0.013493253373313344
1 0.7875 0.25262368815592207 0.07 0.05697151424287856
2 0.775 0.25262368815592207 0.0075 0.0074962518740629685
0 0.816875 0.5224887556221889 0.02 0.022488755622188907
0 0.8075 0.4017991004497751 0.0175 0.020989505247376312
2 0.7925 0.5082458770614693 0.015 0.01199400299850075
2 0.793125 0.5337331334332833 0.01 0.013493253373313344
2 0.80375 0.30884557721139433 0.01125 0.014992503748125937
2 0.775 0.3065967016491754 0.01 0.013493253373313344
2 0.2575 0.972263868065967 0.06 0.05247376311844078
0 0.816875 0.0944527736131934 0.02625 0.031484257871064465
1 0.35375 0.7481259370314842 0.06875 0.08095952023988005
2 0.3925 0.23088455772113944 0.01 0.0074962518740629685
2 0.455625 0.20689655172413793 0.0075 0.0074962518740629685
1 0.6625 0.15892053973013492 0.04625 0.09895052473763119
1 0.72375 0.164167916041979 0.05 0.08995502248875563
0 0.88875 0.7698650674662668 0.04375 0.038980509745127435