0 0.0225 0.767616191904048 0.045 0.038980509745127435
0 0.255 0.04047976011994003 0.02625 0.03298350824587706
0 0.619375 0.20389805097451275 0.0175 0.026986506746626688
2 0.553125 0.7098950524737632 0.01375 0.014992503748125937
2 0.574375 0.5659670164917541 0.01875 0.022488755622188907
2 0.600625 0.3403298350824588 0.0175 0.01649175412293853
2 0.60875 0.2653673163418291 0.01 0.010494752623688156
2 0.20625 0.1896551724137931 0.01875 0.019490254872563718
2 0.22875 0.12743628185907047 0.015 0.013493253373313344
0 0.185 0.4760119940029985 0.04 0.017991004497751123
0 0.2 0.5 0.03125 0.025487256371814093
0 0.411875 0.14392803598200898 0.01375 0.017991004497751123
2 0.56625 0.09895052473763119 0.02875 0.0239880059970015
2 0.55375 0.15442278860569716 0.02125 0.01649175412293853
2 0.7 0.1619190404797601 0.02 0.01649175412293853
2 0.7225 0.10644677661169415 0.0225 0.020989505247376312
2 0.635 0.1206896551724138 0.10625 0.06896551724137931
1 0.15875 0.643928035982009 0.03125 0.047976011994003
2 0.134375 0.6334332833583208 0.04625 0.13793103448275862
0 0.22625 0.3320839580209895 0.03 0.01649175412293853
2 0.250625 0.19715142428785606 0.0475 0.11094452773613193
1 0.77125 0.4407796101949025 0.03375 0.07646176911544228
2 0.314375 0.08770614692653673 0.0675 0.035982008995502246
2 0.15875 0.6394302848575713 0.01125 0.014992503748125937
2 0.8075 0.527736131934033 0.015 0.020989505247376312
2 0.145625 0.5082458770614693 0.02125 0.022488755622188907
3 0.81375 0.13343328335832083 0.01375 0.017991004497751123
3 0.79625 0.16266866566716642 0.015 0.019490254872563718
3 0.779375 0.19490254872563717 0.01875 0.022488755622188907
0 0.813125 0.19490254872563717 0.01875 0.031484257871064465