0 0.044375 0.8200899550224887 0.045 0.037481259370314844
0 0.203125 0.08245877061469266 0.02625 0.03298350824587706
0 0.588125 0.1956521739130435 0.01625 0.026986506746626688
2 0.57625 0.697151424287856 0.01375 0.014992503748125937
2 0.5825 0.5539730134932533 0.0175 0.022488755622188907
2 0.585 0.3313343328335832 0.01625 0.01649175412293853
2 0.584375 0.2571214392803598 0.01 0.010494752623688156
2 0.16875 0.23388305847076463 0.0175 0.019490254872563718
2 0.185 0.1701649175412294 0.015 0.013493253373313344
0 0.17875 0.5164917541229386 0.03875 0.017991004497751123
0 0.195625 0.5374812593703149 0.03 0.025487256371814093
0 0.3725 0.164167916041979 0.01375 0.017991004497751123
2 0.52375 0.09970014992503748 0.0275 0.0239880059970015
2 0.5175 0.15517241379310345 0.02125 0.01649175412293853
2 0.665 0.14617691154422788 0.02 0.01649175412293853
2 0.6825 0.08845577211394302 0.0225 0.020989505247376312
2 0.595625 0.11319340329835083 0.10375 0.06896551724137931
1 0.17 0.6836581709145427 0.03 0.047976011994003
2 0.144375 0.676911544227886 0.04625 0.13793103448275862
0 0.205 0.37181409295352325 0.02875 0.01649175412293853
2 0.215 0.2368815592203898 0.0475 0.11094452773613193
1 0.769375 0.4077961019490255 0.03375 0.07646176911544228
2 0.2675 0.12143928035982009 0.06625 0.035982008995502246
2 0.170625 0.679160419790105 0.01125 0.014992503748125937
2 0.814375 0.48875562218890556 0.015 0.020989505247376312
2 0.1425 0.553223388305847 0.02125 0.022488755622188907
3 0.778125 0.10344827586206896 0.01375 0.017991004497751123
3 0.763125 0.13418290854572715 0.015 0.019490254872563718
3 0.75 0.1664167916041979 0.0175 0.022488755622188907
0 0.783125 0.164167916041979 0.0175 0.031484257871064465