0 0.055 0.6205089820359282 0.04875 0.04940119760479042
2 0.51875 0.48577844311377244 0.04 0.04640718562874251
3 0.47 0.6609281437125748 0.03 0.16167664670658682
3 0.60125 0.6721556886227545 0.05625 0.14221556886227546
2 0.888125 0.7455089820359282 0.01625 0.019461077844311378
2 0.17 0.22979041916167664 0.015 0.011976047904191617
2 0.188125 0.17664670658682635 0.0175 0.01347305389221557
2 0.33125 0.1377245508982036 0.00875 0.008982035928143712
2 0.41375 0.16991017964071856 0.00625 0.0074850299401197605
2 0.419375 0.20134730538922155 0.00875 0.004491017964071856
1 0.4075 0.13922155688622753 0.0425 0.16167664670658682
0 0.39875 0.0748502994011976 0.01625 0.016467065868263474
1 0.323125 0.10179640718562874 0.035 0.10479041916167664
1 0.266875 0.18113772455089822 0.0725 0.05538922155688623
2 0.274375 0.18188622754491018 0.01625 0.01347305389221557
2 0.27 0.23203592814371257 0.0125 0.008982035928143712
2 0.263125 0.27395209580838326 0.0125 0.011976047904191617
2 0.164375 0.2791916167664671 0.01375 0.008982035928143712
2 0.15625 0.3031437125748503 0.01625 0.011976047904191617
0 0.24 0.0374251497005988 0.02875 0.023952095808383235
0 0.10125 0.038922155688622756 0.0275 0.025449101796407185
2 0.134375 0.3323353293413174 0.0175 0.01347305389221557
2 0.108125 0.4154191616766467 0.01875 0.017964071856287425
0 0.17625 0.38997005988023953 0.02625 0.03143712574850299
0 0.204375 0.2754491017964072 0.02625 0.03293413173652695
2 0.18 0.4752994011976048 0.01625 0.023952095808383235
2 0.495625 0.2949101796407186 0.03125 0.02694610778443114
2 0.474375 0.10778443113772455 0.01875 0.011976047904191617
2 0.4675 0.05688622754491018 0.0125 0.0074850299401197605
2 0.878125 0.2986526946107784 0.025 0.019461077844311378
2 0.598125 0.020958083832335328 0.00875 0.0074850299401197605
1 0.705 0.2559880239520958 0.04875 0.0748502994011976
2 0.705 0.2410179640718563 0.01375 0.008982035928143712
2 0.226875 0.09805389221556886 0.00875 0.008982035928143712
2 0.220625 0.11152694610778444 0.01 0.0074850299401197605
2 0.248125 0.09880239520958084 0.09375 0.07335329341317365
2 0.40375 0.8502994011976048 0.01625 0.0074850299401197605