0 0.2275 0.08320839580209895 0.035 0.04047976011994003
2 0.20375 0.17166416791604197 0.01375 0.01649175412293853
2 0.183125 0.2383808095952024 0.015 0.01649175412293853
1 0.1625 0.6874062968515742 0.035 0.047976011994003
2 0.135625 0.6776611694152923 0.04375 0.14992503748125938
0 0.18125 0.5209895052473763 0.0325 0.025487256371814093
0 0.19625 0.5397301349325337 0.02875 0.022488755622188907
0 0.603125 0.1934032983508246 0.0175 0.03298350824587706
2 0.59625 0.2563718140929535 0.01125 0.013493253373313344
2 0.59125 0.32983508245877063 0.015 0.019490254872563718
2 0.578125 0.553223388305847 0.0175 0.020989505247376312
2 0.568125 0.7023988005997002 0.015 0.017991004497751123
2 0.543125 0.09745127436281859 0.02625 0.0239880059970015
2 0.53625 0.15592203898050974 0.02125 0.020989505247376312
2 0.68375 0.1424287856071964 0.02 0.017991004497751123
2 0.700625 0.08995502248875563 0.02125 0.019490254872563718
2 0.228125 0.24212893553223389 0.04 0.12743628185907047
1 0.7725 0.39655172413793105 0.03375 0.07496251874062969
0 0.21375 0.3748125937031484 0.02375 0.020989505247376312
0 0.39 0.1634182908545727 0.025 0.0239880059970015
0 0.811875 0.5239880059970015 0.025 0.031484257871064465
2 0.81125 0.4835082458770615 0.015 0.017991004497751123
2 0.614375 0.11394302848575712 0.1075 0.07646176911544228
2 0.165 0.6829085457271364 0.0125 0.01199400299850075
2 0.141875 0.5562218890554723 0.01375 0.020989505247376312
3 0.763125 0.16041979010494753 0.02 0.0239880059970015
3 0.77875 0.13268365817091454 0.02 0.019490254872563718
3 0.795625 0.09820089955022489 0.0175 0.026986506746626688
0 0.799375 0.15817091454272864 0.0125 0.022488755622188907