2 0.350625 0.6596701649175413 0.0525 0.06296851574212893
2 0.49625 0.671664167916042 0.0325 0.034482758620689655
0 0.929375 0.5757121439280359 0.05875 0.050974512743628186
2 0.160625 0.8508245877061469 0.2 0.08845577211394302
0 0.0275 0.636431784107946 0.055 0.0944527736131934
2 0.374375 0.4910044977511244 0.035 0.037481259370314844
2 0.4075 0.30059970014992504 0.02875 0.0239880059970015
2 0.871875 0.41004497751124436 0.02 0.022488755622188907
2 0.839375 0.32083958020989506 0.02125 0.0239880059970015
2 0.786875 0.18365817091454273 0.01375 0.013493253373313344
2 0.7675 0.13718140929535233 0.01625 0.01649175412293853
0 0.714375 0.01199400299850075 0.0325 0.022488755622188907
0 0.865625 0.011244377811094454 0.02625 0.022488755622188907
2 0.901875 0.06746626686656672 0.015 0.010494752623688156
2 0.91125 0.08320839580209895 0.01375 0.0074962518740629685
2 0.964375 0.1446776611694153 0.01375 0.01199400299850075
2 0.993125 0.1956521739130435 0.01125 0.019490254872563718
2 0.4425 0.10944527736131934 0.025 0.017991004497751123
2 0.450625 0.06146926536731634 0.01375 0.013493253373313344
2 0.52 0.035982008995502246 0.02 0.01199400299850075
2 0.405 0.050974512743628186 0.025 0.014992503748125937
2 0.37875 0.10494752623688156 0.02375 0.0239880059970015
2 0.385625 0.17766116941529236 0.02125 0.0239880059970015
2 0.5375 0.16041979010494753 0.02375 0.0239880059970015
2 0.543125 0.08395802098950525 0.02 0.019490254872563718
2 0.3625 0.19415292353823088 0.01 0.010494752623688156
3 0.2825 0.14392803598200898 0.01875 0.029985007496251874
3 0.290625 0.18515742128935533 0.015 0.026986506746626688
3 0.2975 0.22338830584707647 0.015 0.026986506746626688
1 0.2075 0.31709145427286356 0.0625 0.12593703148425786
2 0.19125 0.5157421289355323 0.0125 0.017991004497751123
0 0.264375 0.07196401799100449 0.025 0.0239880059970015
2 0.398125 0.8598200899550225 0.02 0.01649175412293853
2 0.765 0.8275862068965517 0.01875 0.019490254872563718
0 0.454375 0.03298350824587706 0.025 0.019490254872563718
2 0.799375 0.0727136431784108 0.075 0.08845577211394302
2 0.94625 0.4490254872563718 0.02 0.022488755622188907
0 0.178125 0.5599700149925038 0.03 0.038980509745127435