2 0.34 0.6671664167916042 0.0575 0.06446776611694154
2 0.48625 0.6709145427286357 0.035 0.035982008995502246
0 0.925625 0.5539730134932533 0.06375 0.053973013493253376
2 0.139375 0.8650674662668666 0.215 0.09295352323838081
0 0.024375 0.6604197901049476 0.04875 0.09745127436281859
2 0.374375 0.49775112443778113 0.03875 0.038980509745127435
2 0.419375 0.3058470764617691 0.03 0.025487256371814093
2 0.876875 0.39205397301349326 0.02125 0.0239880059970015
2 0.850625 0.30509745127436283 0.0225 0.025487256371814093
2 0.80625 0.1724137931034483 0.01625 0.013493253373313344
2 0.789375 0.12668665667166418 0.0175 0.017991004497751123
0 0.743125 0.008995502248875561 0.03625 0.017991004497751123
0 0.895 0.004497751124437781 0.03 0.008995502248875561
2 0.928125 0.050974512743628186 0.01625 0.010494752623688156
2 0.936875 0.06671664167916042 0.01375 0.0074962518740629685
2 0.986875 0.12443778110944528 0.01375 0.01199400299850075
2 0.465625 0.11319340329835083 0.0275 0.019490254872563718
2 0.476875 0.06596701649175413 0.01625 0.013493253373313344
2 0.546875 0.03823088455772114 0.02125 0.01199400299850075
2 0.43125 0.05847076461769116 0.02875 0.01649175412293853
2 0.401875 0.11244377811094453 0.02625 0.025487256371814093
2 0.404375 0.18515742128935533 0.0225 0.025487256371814093
2 0.5575 0.16041979010494753 0.02625 0.025487256371814093
2 0.566875 0.08395802098950525 0.02125 0.020989505247376312
2 0.380625 0.20164917541229385 0.01 0.010494752623688156
3 0.30375 0.15667166416791603 0.02 0.029985007496251874
3 0.30875 0.19640179910044978 0.01625 0.029985007496251874
3 0.313125 0.23463268365817092 0.01625 0.029985007496251874
1 0.21875 0.3328335832083958 0.06875 0.13043478260869565
2 0.18875 0.5307346326836582 0.0125 0.020989505247376312
0 0.289375 0.08470764617691154 0.0275 0.025487256371814093
2 0.711875 0.08395802098950525 0.0125 0.017991004497751123
2 0.710625 0.10494752623688156 0.0175 0.01649175412293853
2 0.375625 0.8643178410794603 0.02125 0.017991004497751123
2 0.74625 0.8140929535232384 0.02 0.020989505247376312
0 0.48125 0.037481259370314844 0.0275 0.020989505247376312
2 0.824375 0.060719640179910044 0.08125 0.09145427286356822
2 0.950625 0.4272863568215892 0.02125 0.0239880059970015
0 0.17375 0.5742128935532234 0.0325 0.038980509745127435