0 0.47125 0.30359820089955025 0.025 0.034482758620689655
2 0.431875 0.315592203898051 0.0225 0.020989505247376312
0 0.391875 0.31334332833583206 0.025 0.031484257871064465
2 0.44 0.3538230884557721 0.0125 0.013493253373313344
0 0.450625 0.3815592203898051 0.025 0.031484257871064465
2 0.108125 0.7908545727136432 0.0125 0.01649175412293853
2 0.071875 0.7788605697151424 0.00875 0.013493253373313344
3 0.733125 0.704647676161919 0.0175 0.07946026986506746
2 0.761875 0.717391304347826 0.01375 0.01649175412293853
3 0.775625 0.7263868065967016 0.02125 0.08245877061469266
2 0.475 0.3493253373313343 0.00375 0.005997001499250375
3 0.521875 0.3410794602698651 0.01375 0.043478260869565216
3 0.71125 0.32083958020989506 0.0225 0.04047976011994003
3 0.196875 0.48875562218890556 0.0425 0.10494752623688156
2 0.20375 0.48500749625187406 0.03 0.026986506746626688
2 0.445625 0.2563718140929535 0.04375 0.041979010494752625
3 0.140625 0.7736131934032984 0.01375 0.019490254872563718
3 0.055 0.8523238380809596 0.025 0.05547226386806597
3 0.72875 0.7571214392803598 0.11375 0.031484257871064465
2 0.465 0.06746626686656672 0.065 0.07646176911544228
3 0.50875 0.25862068965517243 0.01875 0.034482758620689655
3 0.521875 0.20539730134932535 0.01625 0.031484257871064465
3 0.53375 0.15667166416791603 0.0125 0.029985007496251874
2 0.70875 0.13343328335832083 0.00875 0.010494752623688156
2 0.62625 0.8178410794602698 0.02875 0.02848575712143928
2 0.605 0.974512743628186 0.0275 0.031484257871064465
2 0.563125 0.4460269865067466 0.0575 0.06146926536731634
2 0.54125 0.4107946026986507 0.005 0.005997001499250375
2 0.53875 0.3950524737631184 0.005 0.005997001499250375
2 0.52875 0.36881559220389803 0.0125 0.010494752623688156
2 0.549375 0.24962518740629686 0.00375 0.008995502248875561
2 0.58125 0.3095952023988006 0.0025 0.005997001499250375
3 0.330625 0.7458770614692654 0.03125 0.01649175412293853
3 0.23875 0.7383808095952024 0.02875 0.022488755622188907
1 0.625625 0.48575712143928035 0.07375 0.1409295352323838