2 0.216875 0.6212574850299402 0.0075 0.010479041916167664
3 0.221875 0.5419161676646707 0.01125 0.07634730538922156
2 0.195 0.38323353293413176 0.00875 0.010479041916167664
3 0.1975 0.2155688622754491 0.01125 0.04790419161676647
2 0.1825 0.15269461077844312 0.01 0.010479041916167664
3 0.2425 0.7574850299401198 0.02 0.05538922155688623
3 0.309375 0.7829341317365269 0.015 0.02245508982035928
3 0.2975 0.6511976047904192 0.0175 0.025449101796407185
3 0.28375 0.48502994011976047 0.01875 0.02694610778443114
3 0.2625 0.1474550898203593 0.015 0.023952095808383235
3 0.2725 0.312874251497006 0.0175 0.020958083832335328
2 0.24 0.7559880239520959 0.0075 0.0074850299401197605
2 0.22875 0.05688622754491018 0.01 0.008982035928143712
2 0.23375 0.1601796407185629 0.00875 0.008982035928143712
3 0.575 0.18188622754491018 0.00875 0.019461077844311378
3 0.589375 0.28967065868263475 0.01125 0.02844311377245509
3 0.595625 0.35853293413173654 0.00875 0.019461077844311378
3 0.605625 0.4438622754491018 0.0075 0.019461077844311378
2 0.691875 0.2874251497005988 0.0175 0.019461077844311378
2 0.67875 0.19011976047904192 0.01875 0.019461077844311378
3 0.464375 0.11676646706586827 0.0225 0.010479041916167664
3 0.376875 0.1062874251497006 0.02375 0.010479041916167664
3 0.63375 0.07260479041916168 0.035 0.038922155688622756
3 0.716875 0.11002994011976049 0.06125 0.0688622754491018
3 0.703125 0.47754491017964074 0.02375 0.010479041916167664
3 0.626875 0.46706586826347307 0.015 0.008982035928143712
3 0.773125 0.4865269461077844 0.02375 0.008982035928143712
3 0.19125 0.048652694610778445 0.01375 0.029940119760479042