2 0.6675 0.8403298350824587 0.05 0.05997001499250375
2 0.28125 0.8140929535232384 0.0125 0.01199400299850075
2 0.258125 0.6199400299850075 0.01 0.010494752623688156
2 0.213125 0.22788605697151423 0.00625 0.005997001499250375
2 0.441875 0.043478260869565216 0.00625 0.0074962518740629685
1 0.024375 0.5847076461769115 0.04875 0.1409295352323838
1 0.121875 0.43778110944527737 0.055 0.037481259370314844
1 0.956875 0.5892053973013494 0.05875 0.10644677661169415
1 0.89 0.27961019490254874 0.065 0.08245877061469266
2 0.925625 0.2128935532233883 0.0125 0.019490254872563718
0 0.9125 0.14767616191904048 0.0175 0.026986506746626688
1 0.298125 0.7436281859070465 0.06125 0.10194902548725637
2 0.015 0.5989505247376312 0.0125 0.013493253373313344
2 0.23375 0.7713643178410795 0.0125 0.01199400299850075
0 0.28375 0.5172413793103449 0.02 0.0239880059970015
0 0.293125 0.4407796101949025 0.01875 0.019490254872563718
0 0.288125 0.39205397301349326 0.02375 0.022488755622188907
2 0.70875 0.3230884557721139 0.00875 0.008995502248875561
2 0.715625 0.3830584707646177 0.01 0.010494752623688156
2 0.601875 0.3095952023988006 0.005 0.005997001499250375
0 0.86 0.22713643178410794 0.0175 0.0239880059970015
2 0.93375 0.2616191904047976 0.01375 0.017991004497751123
0 0.9075 0.39580209895052476 0.0175 0.017991004497751123
0 0.928125 0.37256371814092953 0.02125 0.025487256371814093
0 0.946875 0.47301349325337333 0.02125 0.0239880059970015
0 0.9225 0.49325337331334335 0.0175 0.019490254872563718
2 0.89875 0.48425787106446777 0.00625 0.0074962518740629685
2 0.900625 0.5044977511244377 0.005 0.005997001499250375
1 0.37125 0.164167916041979 0.0525 0.09895052473763119
2 0.368125 0.13493253373313344 0.00625 0.0074962518740629685
2 0.160625 0.2391304347826087 0.035 0.035982008995502246