0 0.030625 0.6649175412293853 0.04625 0.049475262368815595
2 0.52 0.48500749625187406 0.0375 0.046476761619190406
3 0.44375 0.6664167916041979 0.02875 0.15742128935532235
3 0.575 0.664167916041979 0.05375 0.13943028485757122
2 0.853125 0.712143928035982 0.015 0.019490254872563718
2 0.21 0.25787106446776614 0.01375 0.010494752623688156
2 0.235625 0.20239880059970014 0.01625 0.01199400299850075
2 0.3875 0.14842578710644677 0.0075 0.008995502248875561
2 0.46625 0.17616191904047976 0.00625 0.0074962518740629685
2 0.466875 0.20764617691154422 0.0075 0.004497751124437781
1 0.46375 0.1446776611694153 0.04 0.15742128935532235
0 0.46625 0.08020989505247376 0.015 0.01649175412293853
1 0.385625 0.11544227886056972 0.03375 0.10194902548725637
1 0.314375 0.19940029985007496 0.06875 0.053973013493253376
2 0.321875 0.20164917541229385 0.015 0.01199400299850075
2 0.31125 0.25037481259370314 0.01125 0.008995502248875561
2 0.295625 0.29535232383808097 0.01125 0.010494752623688156
2 0.195625 0.308095952023988 0.0125 0.008995502248875561
2 0.18375 0.3320839580209895 0.015 0.010494752623688156
0 0.310625 0.05697151424287856 0.0275 0.0239880059970015
0 0.17 0.0704647676161919 0.02625 0.025487256371814093
2 0.156875 0.36431784107946025 0.01625 0.01199400299850075
2 0.1175 0.452023988005997 0.01875 0.017991004497751123
0 0.19 0.41904047976011993 0.025 0.029985007496251874
0 0.236875 0.30134932533733133 0.025 0.031484257871064465
2 0.18 0.5044977511244377 0.015 0.0239880059970015
2 0.528125 0.29310344827586204 0.03 0.026986506746626688
2 0.536875 0.10569715142428786 0.01875 0.010494752623688156
2 0.5375 0.05622188905547226 0.01125 0.0074962518740629685
2 0.913125 0.2631184407796102 0.02375 0.019490254872563718
2 0.674375 0.005997001499250375 0.0075 0.0074962518740629685
1 0.745 0.23613193403298352 0.04625 0.07196401799100449
2 0.7475 0.22113943028485758 0.0125 0.008995502248875561
2 0.0275 0.1386806596701649 0.01625 0.020989505247376312
2 0.288125 0.1199400299850075 0.0075 0.008995502248875561
2 0.279375 0.13268365817091454 0.00875 0.0074962518740629685
2 0.309375 0.1184407796101949 0.09 0.0704647676161919
2 0.34625 0.863568215892054 0.015 0.0074962518740629685