2 0.725 0.8562874251497006 0.05 0.059880239520958084
2 0.331875 0.7941616766467066 0.015 0.016467065868263474
2 0.275625 0.6017964071856288 0.01625 0.019461077844311378
2 0.165 0.20134730538922155 0.005 0.005988023952095809
2 0.11625 0.20359281437125748 0.03125 0.02694610778443114
2 0.019375 0.2215568862275449 0.03875 0.05688622754491018
1 0.10625 0.39745508982035926 0.05375 0.041916167664670656
1 0.03375 0.5396706586826348 0.0475 0.1092814371257485
2 0.03 0.5576347305389222 0.01625 0.016467065868263474
2 0.27625 0.749251497005988 0.01 0.011976047904191617
1 0.3375 0.7252994011976048 0.07 0.11377245508982035
0 0.2825 0.49550898203592814 0.025 0.019461077844311378
0 0.2825 0.42065868263473055 0.02375 0.020958083832335328
0 0.263125 0.37425149700598803 0.02 0.023952095808383235
1 0.31625 0.14595808383233533 0.04875 0.08682634730538923
2 0.308125 0.12050898203592815 0.00625 0.005988023952095809
2 0.898125 0.2971556886227545 0.00875 0.008982035928143712
2 0.88 0.24775449101796407 0.01 0.010479041916167664
0 0.85875 0.17664670658682635 0.01875 0.025449101796407185
1 0.853125 0.312874251497006 0.06625 0.08383233532934131
0 0.8175 0.2537425149700599 0.02 0.020958083832335328
2 0.68125 0.3375748502994012 0.01 0.010479041916167664
2 0.698125 0.39820359281437123 0.01 0.011976047904191617
0 0.911875 0.4101796407185629 0.015 0.019461077844311378
0 0.89375 0.42889221556886226 0.01875 0.019461077844311378
0 0.9225 0.5269461077844312 0.015 0.016467065868263474
0 0.9425 0.5089820359281437 0.01875 0.023952095808383235
2 0.8975 0.5157185628742516 0.0075 0.0074850299401197605
2 0.90625 0.5366766467065869 0.00875 0.011976047904191617
1 0.973125 0.625 0.05125 0.10329341317365269
2 0.57 0.3158682634730539 0.00375 0.005988023952095809
2 0.740625 0.5770958083832335 0.01 0.016467065868263474
2 0.765 0.6893712574850299 0.01 0.01347305389221557