0 0.458125 0.30509745127436283 0.02375 0.034482758620689655
2 0.420625 0.315592203898051 0.02 0.019490254872563718
0 0.379375 0.315592203898051 0.02375 0.031484257871064465
2 0.429375 0.3553223388305847 0.01 0.01199400299850075
0 0.443125 0.3830584707646177 0.02375 0.031484257871064465
2 0.12625 0.7976011994002998 0.01 0.013493253373313344
2 0.088125 0.7833583208395802 0.0075 0.013493253373313344
3 0.748125 0.7016491754122939 0.015 0.07496251874062969
2 0.7775 0.7136431784107946 0.01125 0.013493253373313344
3 0.7925 0.7218890554722639 0.0175 0.07796101949025487
2 0.464375 0.35082458770614694 0.00375 0.005997001499250375
3 0.510625 0.3403298350824588 0.01125 0.043478260869565216
3 0.7 0.31859070464767614 0.02 0.04047976011994003
3 0.195 0.49250374812593706 0.03875 0.10044977511244378
2 0.201875 0.48800599700149927 0.02875 0.025487256371814093
2 0.429375 0.25787106446776614 0.04125 0.04047976011994003
3 0.156875 0.7788605697151424 0.01125 0.01649175412293853
3 0.076875 0.8583208395802099 0.0225 0.053973013493253376
3 0.74625 0.7541229385307346 0.10875 0.025487256371814093
2 0.43625 0.06896551724137931 0.06125 0.07196401799100449
3 0.493125 0.25862068965517243 0.0175 0.03298350824587706
3 0.5025 0.20539730134932535 0.015 0.029985007496251874
3 0.51125 0.15742128935532235 0.01125 0.026986506746626688
2 0.684375 0.13193403298350825 0.00875 0.010494752623688156
2 0.646875 0.8148425787106447 0.0275 0.026986506746626688
2 0.63625 0.9715142428785607 0.02625 0.031484257871064465
2 0.560625 0.444527736131934 0.055 0.05697151424287856
2 0.535 0.40929535232383807 0.005 0.005997001499250375
2 0.531875 0.39430284857571213 0.005 0.005997001499250375
2 0.52 0.3695652173913043 0.01125 0.008995502248875561
2 0.53375 0.24812593703148425 0.00375 0.008995502248875561
2 0.569375 0.3103448275862069 0.0025 0.005997001499250375
3 0.346875 0.7481259370314842 0.03 0.013493253373313344
3 0.254375 0.7413793103448276 0.02625 0.020989505247376312
1 0.625625 0.4835082458770615 0.0675 0.13493253373313344