2 0.345625 0.6611694152923538 0.0525 0.06296851574212893
2 0.49 0.671664167916042 0.0325 0.034482758620689655
0 0.925625 0.5742128935532234 0.05875 0.050974512743628186
2 0.149375 0.8515742128935532 0.20375 0.08545727136431784
0 0.025 0.6409295352323838 0.05 0.0944527736131934
2 0.374375 0.49250374812593706 0.035 0.037481259370314844
2 0.41375 0.30134932533733133 0.02875 0.025487256371814093
2 0.873125 0.4070464767616192 0.01875 0.022488755622188907
2 0.844375 0.31859070464767614 0.02125 0.025487256371814093
2 0.79625 0.18215892053973012 0.01375 0.01199400299850075
2 0.77875 0.13493253373313344 0.015 0.01649175412293853
0 0.73 0.011244377811094454 0.0325 0.022488755622188907
0 0.88 0.010494752623688156 0.0275 0.020989505247376312
2 0.915625 0.06671664167916042 0.015 0.008995502248875561
2 0.92375 0.08095952023988005 0.01375 0.005997001499250375
2 0.975625 0.14167916041979012 0.01375 0.010494752623688156
2 0.45625 0.10944527736131934 0.025 0.019490254872563718
2 0.465625 0.06296851574212893 0.01375 0.01199400299850075
2 0.53375 0.035982008995502246 0.02 0.01199400299850075
2 0.420625 0.050974512743628186 0.02625 0.01649175412293853
2 0.391875 0.10494752623688156 0.025 0.025487256371814093
2 0.396875 0.17916041979010494 0.02125 0.025487256371814093
2 0.54875 0.15967016491754124 0.025 0.025487256371814093
2 0.556875 0.08320839580209895 0.01875 0.019490254872563718
2 0.373125 0.19490254872563717 0.01 0.010494752623688156
3 0.295625 0.1446776611694153 0.01875 0.02848575712143928
3 0.301875 0.18590704647676162 0.015 0.02848575712143928
3 0.30625 0.22488755622188905 0.015 0.02848575712143928
1 0.215625 0.32008995502248877 0.0625 0.12743628185907047
2 0.19125 0.5179910044977512 0.01125 0.019490254872563718
0 0.279375 0.07196401799100449 0.02625 0.025487256371814093
2 0.386875 0.861319340329835 0.01875 0.01649175412293853
2 0.75375 0.8260869565217391 0.0175 0.019490254872563718
0 0.47 0.034482758620689655 0.025 0.020989505247376312
2 0.813125 0.0704647676161919 0.075 0.08845577211394302
2 0.946875 0.4460269865067466 0.01875 0.022488755622188907
0 0.1775 0.56071964017991 0.03 0.038980509745127435