0 0.419375 0.30434782608695654 0.02625 0.035982008995502246
2 0.380625 0.31634182908545727 0.02375 0.020989505247376312
0 0.34 0.315592203898051 0.02625 0.03298350824587706
2 0.39875 0.356071964017991 0.01125 0.013493253373313344
0 0.4175 0.3815592203898051 0.02625 0.03298350824587706
2 0.19625 0.7976011994002998 0.01125 0.014992503748125937
2 0.155625 0.7833583208395802 0.00875 0.014992503748125937
3 0.789375 0.7016491754122939 0.01875 0.07946026986506746
3 0.83625 0.7226386806596702 0.02125 0.08395802098950525
2 0.43375 0.35082458770614694 0.0075 0.008995502248875561
3 0.475625 0.3403298350824588 0.0125 0.044977511244377814
3 0.658125 0.31784107946026985 0.0225 0.041979010494752625
3 0.198125 0.49325337331334335 0.04375 0.10494752623688156
2 0.2025 0.48800599700149927 0.0325 0.026986506746626688
3 0.223125 0.7788605697151424 0.01375 0.017991004497751123
3 0.16 0.8583208395802099 0.02625 0.05697151424287856
3 0.799375 0.7541229385307346 0.12125 0.02848575712143928
3 0.439375 0.25787106446776614 0.02 0.035982008995502246
3 0.438125 0.20464767616191903 0.0175 0.03298350824587706
3 0.43625 0.15667166416791603 0.0125 0.02848575712143928
2 0.714375 0.815592203898051 0.03125 0.02848575712143928
2 0.73875 0.974512743628186 0.03 0.03298350824587706
2 0.51875 0.411544227886057 0.00875 0.008995502248875561
2 0.505625 0.39430284857571213 0.01 0.01199400299850075
3 0.40375 0.7473763118440779 0.03375 0.014992503748125937
3 0.31 0.7413793103448276 0.03125 0.022488755622188907
1 0.62 0.48425787106446777 0.07625 0.1424287856071964