3 0.7125 0.46926536731634183 0.02625 0.008995502248875561
3 0.638125 0.46401799100449775 0.0125 0.0074962518740629685
3 0.78 0.4775112443778111 0.015 0.0074962518740629685
3 0.62125 0.4407796101949025 0.01 0.01649175412293853
3 0.63625 0.3553223388305847 0.005 0.01199400299850075
3 0.648125 0.2863568215892054 0.01125 0.014992503748125937
3 0.665625 0.17841079460269865 0.0175 0.020989505247376312
3 0.566875 0.11469265367316342 0.025 0.01649175412293853
3 0.479375 0.10944527736131934 0.01625 0.01199400299850075
2 0.274375 0.164167916041979 0.005 0.005997001499250375
2 0.323125 0.1701649175412294 0.0075 0.0074962518740629685
2 0.34625 0.06746626686656672 0.0075 0.0074962518740629685
3 0.35875 0.15442278860569716 0.01625 0.026986506746626688
2 0.180625 0.6334332833583208 0.0075 0.0074962518740629685
3 0.20875 0.5562218890554723 0.01625 0.07196401799100449
3 0.28625 0.49775112443778113 0.0175 0.022488755622188907
3 0.2325 0.7893553223388305 0.0175 0.020989505247376312
3 0.256875 0.658920539730135 0.02375 0.034482758620689655
3 0.32 0.3230884557721139 0.0225 0.029985007496251874
2 0.225625 0.39430284857571213 0.01 0.010494752623688156
3 0.246875 0.34707646176911544 0.0125 0.031484257871064465
3 0.271875 0.22488755622188905 0.015 0.043478260869565216
3 0.311875 0.05922038980509745 0.0175 0.038980509745127435
2 0.749375 0.27961019490254874 0.02 0.022488755622188907
2 0.7625 0.18515742128935533 0.02125 0.019490254872563718
3 0.82375 0.09820089955022489 0.055 0.06146926536731634
3 0.753125 0.06146926536731634 0.03375 0.04047976011994003