2 0.183125 0.2886056971514243 0.025 0.026986506746626688
2 0.484375 0.5719640179910045 0.01875 0.01649175412293853
3 0.4725 0.5832083958020989 0.03375 0.07646176911544228
3 0.516875 0.618440779610195 0.11 0.029985007496251874
1 0.719375 0.2331334332833583 0.1325 0.22488755622188905
0 0.693125 0.3110944527736132 0.03125 0.026986506746626688
0 0.750625 0.2368815592203898 0.03375 0.025487256371814093
0 0.716875 0.14767616191904048 0.03375 0.034482758620689655
0 0.673125 0.22638680659670166 0.0275 0.022488755622188907
2 0.705625 0.191904047976012 0.015 0.019490254872563718
2 0.705 0.25487256371814093 0.00875 0.014992503748125937
2 0.73 0.21964017991004497 0.00875 0.014992503748125937
2 0.729375 0.2766116941529235 0.01375 0.022488755622188907
2 0.848125 0.28785607196401797 0.00875 0.01199400299850075
2 0.804375 0.15067466266866567 0.01125 0.0074962518740629685
3 0.80125 0.16116941529235382 0.0375 0.019490254872563718
1 0.33125 0.06971514242878561 0.0275 0.0734632683658171
1 0.545 0.07571214392803598 0.05 0.12743628185907047
2 0.541875 0.10269865067466268 0.0075 0.008995502248875561
2 0.3325 0.060719640179910044 0.01 0.008995502248875561
3 0.55125 0.024737631184407798 0.02625 0.014992503748125937
2 0.535 0.12593703148425786 0.00625 0.005997001499250375
2 0.63375 0.36731634182908546 0.00375 0.004497751124437781
2 0.583125 0.13418290854572715 0.0025 0.004497751124437781
3 0.56625 0.1184407796101949 0.015 0.031484257871064465
3 0.70375 0.8463268365817092 0.01625 0.047976011994003
2 0.685625 0.7796101949025487 0.005 0.0074962518740629685
2 0.711875 0.7796101949025487 0.0075 0.008995502248875561
3 0.24 0.4910044977511244 0.0275 0.09745127436281859
2 0.204375 0.6409295352323838 0.0125 0.010494752623688156