2 0.713125 0.823088455772114 0.05 0.05997001499250375
2 0.32 0.8253373313343328 0.015 0.01649175412293853
2 0.271875 0.6394302848575713 0.01625 0.019490254872563718
2 0.175625 0.25487256371814093 0.005 0.005997001499250375
2 0.125 0.2653673163418291 0.0325 0.026986506746626688
2 0.026875 0.30059970014992504 0.04 0.05697151424287856
1 0.10875 0.4625187406296852 0.055 0.043478260869565216
1 0.03125 0.6169415292353823 0.05 0.10794602698650675
2 0.02625 0.6349325337331334 0.01625 0.01649175412293853
2 0.266875 0.787856071964018 0.01 0.01199400299850075
1 0.330625 0.7541229385307346 0.0725 0.11394302848575712
0 0.281875 0.5322338830584707 0.02625 0.019490254872563718
0 0.28375 0.4572713643178411 0.025 0.020989505247376312
0 0.266875 0.4122938530734633 0.02125 0.0239880059970015
1 0.328125 0.17466266866566715 0.05 0.08545727136431784
2 0.320625 0.14992503748125938 0.00625 0.005997001499250375
2 0.906875 0.23088455772113944 0.00875 0.008995502248875561
2 0.89 0.18440779610194902 0.01 0.010494752623688156
0 0.870625 0.1176911544227886 0.02 0.025487256371814093
1 0.86 0.25487256371814093 0.0675 0.08245877061469266
0 0.8275 0.20014992503748125 0.02125 0.020989505247376312
2 0.688125 0.308095952023988 0.01 0.010494752623688156
2 0.701875 0.36656671664167917 0.01 0.01199400299850075
0 0.915625 0.34257871064467765 0.015 0.019490254872563718
0 0.8975 0.3650674662668666 0.02 0.019490254872563718
0 0.923125 0.45952023988005997 0.015 0.01649175412293853
0 0.944375 0.4370314842578711 0.02 0.0239880059970015
2 0.8975 0.452023988005997 0.0075 0.0074962518740629685
2 0.90625 0.47226386806596704 0.00875 0.01199400299850075
1 0.970625 0.5494752623688156 0.05375 0.10344827586206896
2 0.576875 0.30434782608695654 0.00375 0.005997001499250375
2 0.73875 0.5397301349325337 0.01125 0.014992503748125937
2 0.758125 0.6476761619190404 0.01 0.013493253373313344