3 0.195 0.525487256371814 0.0475 0.10794602698650675
3 0.7875 0.6784107946026986 0.02625 0.10194902548725637
3 0.743125 0.7166416791604198 0.10375 0.03298350824587706
2 0.64875 0.7923538230884558 0.03 0.035982008995502246
2 0.2025 0.5284857571214393 0.02 0.022488755622188907
3 0.07625 0.9160419790104948 0.02375 0.05997001499250375
2 0.085 0.8380809595202399 0.0075 0.01199400299850075
2 0.125 0.8440779610194903 0.0075 0.014992503748125937
3 0.154375 0.8215892053973014 0.0175 0.022488755622188907
3 0.255625 0.7698650674662668 0.02875 0.008995502248875561
3 0.3475 0.7646176911544228 0.03 0.01199400299850075
0 0.460625 0.31259370314842577 0.0225 0.03298350824587706
0 0.38 0.3350824587706147 0.02625 0.026986506746626688
2 0.431875 0.2691154422788606 0.04 0.044977511244377814
2 0.63875 0.9497751124437781 0.03125 0.038980509745127435
2 0.778125 0.6731634182908546 0.01625 0.013493253373313344
2 0.426875 0.36656671664167917 0.0125 0.01199400299850075
0 0.444375 0.38980509745127434 0.02875 0.031484257871064465
2 0.42 0.3305847076461769 0.02 0.019490254872563718
1 0.626875 0.4625187406296852 0.07125 0.1409295352323838
2 0.43375 0.08320839580209895 0.07625 0.08695652173913043
3 0.5125 0.33883058470764615 0.01625 0.044977511244377814
2 0.530625 0.38905547226386805 0.005 0.005997001499250375
2 0.5375 0.4062968515742129 0.01 0.005997001499250375
2 0.685625 0.11019490254872563 0.01 0.013493253373313344
3 0.700625 0.2886056971514243 0.01875 0.037481259370314844