2 0.186875 0.6581709145427287 0.0075 0.010494752623688156
3 0.20875 0.5772113943028486 0.01125 0.0734632683658171
2 0.21625 0.41829085457271364 0.00875 0.010494752623688156
3 0.25375 0.25037481259370314 0.01125 0.046476761619190406
2 0.25 0.1874062968515742 0.01 0.010494752623688156
3 0.184375 0.7931034482758621 0.02 0.053973013493253376
3 0.245625 0.8110944527736131 0.015 0.020989505247376312
3 0.2625 0.679160419790105 0.01625 0.0239880059970015
3 0.2825 0.512743628185907 0.0175 0.025487256371814093
3 0.33375 0.1724137931034483 0.015 0.022488755622188907
3 0.30875 0.33883058470764615 0.01625 0.019490254872563718
2 0.181875 0.7916041979010495 0.0075 0.0074962518740629685
2 0.32 0.08395802098950525 0.01 0.008995502248875561
2 0.301875 0.1874062968515742 0.00875 0.008995502248875561
3 0.64375 0.1686656671664168 0.00875 0.017991004497751123
3 0.635625 0.2766116941529235 0.01125 0.026986506746626688
3 0.62625 0.34557721139430286 0.00875 0.017991004497751123
3 0.61875 0.43103448275862066 0.0075 0.017991004497751123
2 0.740625 0.2608695652173913 0.01625 0.017991004497751123
2 0.74625 0.1634182908545727 0.0175 0.017991004497751123
3 0.545625 0.11544227886056972 0.0225 0.010494752623688156
3 0.458125 0.11544227886056972 0.02375 0.010494752623688156
3 0.7275 0.05022488755622189 0.035 0.038980509745127435
3 0.80375 0.07721139430284858 0.06 0.06746626686656672
3 0.710625 0.4527736131934033 0.02375 0.010494752623688156
3 0.635625 0.4512743628185907 0.015 0.008995502248875561
3 0.780625 0.4527736131934033 0.02375 0.008995502248875561
3 0.2825 0.08020989505247376 0.01375 0.029985007496251874