3 0.19375 0.4880239520958084 0.04625 0.09880239520958084
3 0.82 0.7140718562874252 0.025 0.09281437125748503
3 0.78125 0.7470059880239521 0.105 0.025449101796407185
2 0.6975 0.811377245508982 0.02875 0.03143712574850299
2 0.20125 0.49101796407185627 0.02125 0.019461077844311378
3 0.135 0.8667664670658682 0.02375 0.05389221556886228
2 0.13125 0.7889221556886228 0.00875 0.010479041916167664
2 0.17375 0.7994011976047904 0.00875 0.01347305389221557
3 0.2 0.781437125748503 0.0175 0.020958083832335328
3 0.295 0.7410179640718563 0.02875 0.0074850299401197605
3 0.38625 0.7470059880239521 0.03 0.008982035928143712
0 0.43125 0.30538922155688625 0.0225 0.02844311377245509
0 0.3525 0.3188622754491018 0.02625 0.023952095808383235
2 0.39375 0.25748502994011974 0.04 0.040419161676646706
2 0.71125 0.968562874251497 0.03 0.0344311377245509
2 0.81125 0.7080838323353293 0.01625 0.011976047904191617
2 0.405 0.3562874251497006 0.0125 0.010479041916167664
0 0.42625 0.38173652694610777 0.0275 0.02694610778443114
2 0.3925 0.3188622754491018 0.02125 0.016467065868263474
1 0.6225 0.47754491017964074 0.07 0.12724550898203593
2 0.3675 0.0718562874251497 0.07625 0.07784431137724551
3 0.4875 0.3383233532934132 0.015 0.041916167664670656
2 0.51375 0.3907185628742515 0.005 0.005988023952095809
2 0.52375 0.4101796407185629 0.01 0.005988023952095809
2 0.6275 0.12874251497005987 0.01 0.011976047904191617
3 0.67 0.31137724550898205 0.0175 0.0344311377245509