2 0.71625 0.8413173652694611 0.04625 0.05538922155688623
2 0.325 0.8098802395209581 0.01125 0.011976047904191617
2 0.27375 0.6167664670658682 0.00875 0.010479041916167664
2 0.17375 0.2245508982035928 0.00625 0.005988023952095809
2 0.3775 0.041916167664670656 0.00625 0.0074850299401197605
1 0.0325 0.5778443113772455 0.0425 0.1317365269461078
1 0.11125 0.43263473053892215 0.05 0.0344311377245509
1 0.9725 0.594311377245509 0.0525 0.09880239520958084
1 0.86125 0.28293413173652693 0.05875 0.0748502994011976
2 0.8875 0.21706586826347304 0.01125 0.017964071856287425
0 0.865 0.15269461077844312 0.015 0.025449101796407185
1 0.33125 0.7410179640718563 0.055 0.09580838323353294
2 0.025 0.592814371257485 0.01125 0.01347305389221557
2 0.27 0.7664670658682635 0.01125 0.011976047904191617
0 0.28375 0.5134730538922155 0.01875 0.020958083832335328
0 0.28375 0.437125748502994 0.0175 0.017964071856287425
0 0.27125 0.38922155688622756 0.02125 0.019461077844311378
2 0.685 0.3248502994011976 0.0075 0.008982035928143712
2 0.7 0.3847305389221557 0.00875 0.010479041916167664
2 0.575 0.30988023952095806 0.005 0.005988023952095809
0 0.82375 0.23053892215568864 0.015 0.02245508982035928
2 0.90375 0.26646706586826346 0.0125 0.016467065868263474
0 0.89625 0.3997005988023952 0.01625 0.016467065868263474
0 0.9125 0.3772455089820359 0.01875 0.02245508982035928
0 0.94625 0.47754491017964074 0.02 0.020958083832335328
0 0.92375 0.49700598802395207 0.01625 0.017964071856287425
2 0.89875 0.4880239520958084 0.00625 0.0074850299401197605
2 0.90375 0.5074850299401198 0.005 0.005988023952095809
1 0.3225 0.16167664670658682 0.04625 0.09281437125748503
2 0.31625 0.13323353293413173 0.00625 0.0074850299401197605
2 0.12125 0.23502994011976047 0.03125 0.03293413173652695