2 0.4525 0.2773613193403298 0.00875 0.010494752623688156
2 0.56625 0.29535232383808097 0.01 0.013493253373313344
2 0.57 0.3658170914542729 0.01125 0.01199400299850075
2 0.58 0.5787106446776612 0.0175 0.017991004497751123
2 0.585 0.719640179910045 0.01375 0.017991004497751123
1 0.37625 0.20839580209895053 0.02625 0.07196401799100449
0 0.75125 0.1904047976011994 0.0175 0.025487256371814093
2 0.80375 0.1724137931034483 0.0125 0.013493253373313344
2 0.815 0.22638680659670166 0.0125 0.013493253373313344
1 0.77125 0.24737631184407796 0.065 0.05547226386806597
2 0.75875 0.24737631184407796 0.0075 0.0074962518740629685
0 0.82 0.5157421289355323 0.01875 0.022488755622188907
0 0.80125 0.39580209895052476 0.01625 0.020989505247376312
2 0.79375 0.5022488755622189 0.01375 0.01199400299850075
2 0.795 0.527736131934033 0.00875 0.013493253373313344
2 0.79125 0.3028485757121439 0.01 0.014992503748125937
2 0.7625 0.30134932533733133 0.00875 0.013493253373313344
2 0.290625 0.9752623688155923 0.05625 0.046476761619190406
0 0.78875 0.08845577211394302 0.025 0.031484257871064465
1 0.37125 0.7511244377811095 0.06375 0.07946026986506746
2 0.37375 0.23388305847076463 0.00875 0.0074962518740629685
2 0.435 0.20839580209895053 0.0075 0.0074962518740629685
1 0.63875 0.15592203898050974 0.0425 0.09745127436281859
1 0.7 0.1619190404797601 0.04625 0.08845577211394302
0 0.90875 0.7616191904047976 0.0425 0.037481259370314844