2 0.1675 0.2994011976047904 0.025 0.025449101796407185
3 0.47875 0.5838323353293413 0.0325 0.0748502994011976
3 0.52625 0.6167664670658682 0.115 0.023952095808383235
1 0.695 0.22305389221556887 0.1325 0.22005988023952097
0 0.67625 0.3008982035928144 0.03125 0.025449101796407185
0 0.72375 0.22604790419161677 0.03875 0.025449101796407185
0 0.68625 0.1377245508982036 0.03375 0.03293413173652695
0 0.64875 0.218562874251497 0.02875 0.020958083832335328
2 0.6775 0.18263473053892215 0.01625 0.019461077844311378
2 0.6825 0.24550898203592814 0.01 0.014970059880239521
2 0.70375 0.20958083832335328 0.01 0.014970059880239521
2 0.70875 0.26646706586826346 0.01375 0.02245508982035928
2 0.82875 0.27245508982035926 0.01 0.011976047904191617
1 0.29625 0.07634730538922156 0.02625 0.0718562874251497
1 0.50875 0.07335329341317365 0.04875 0.12574850299401197
2 0.5075 0.10029940119760479 0.00875 0.008982035928143712
2 0.29625 0.06736526946107785 0.01125 0.008982035928143712
2 0.5025 0.12425149700598802 0.00625 0.005988023952095809
2 0.6225 0.36077844311377244 0.00375 0.004491017964071856
2 0.55125 0.13023952095808383 0.0025 0.004491017964071856
3 0.5325 0.11526946107784432 0.015 0.03143712574850299
3 0.7325 0.8383233532934131 0.01625 0.04790419161676647
2 0.70875 0.7709580838323353 0.005 0.0074850299401197605
2 0.735 0.7694610778443114 0.00875 0.008982035928143712
3 0.24125 0.5014970059880239 0.02625 0.09580838323353294
2 0.21875 0.6526946107784432 0.01375 0.010479041916167664