2 0.743125 0.8695652173913043 0.055 0.06146926536731634
2 0.345 0.7848575712143928 0.01375 0.013493253373313344
2 0.28 0.5862068965517241 0.01 0.010494752623688156
2 0.150625 0.18215892053973012 0.0075 0.005997001499250375
2 0.344375 0.02923538230884558 0.0075 0.0074962518740629685
1 0.034375 0.5134932533733133 0.05625 0.1424287856071964
1 0.1025 0.3800599700149925 0.05875 0.04047976011994003
1 0.975 0.6596701649175413 0.0475 0.11094452773613193
1 0.849375 0.3335832083958021 0.07 0.08395802098950525
2 0.870625 0.27361319340329837 0.01375 0.020989505247376312
0 0.844375 0.20614692653673164 0.01875 0.02848575712143928
1 0.34625 0.7166416791604198 0.0675 0.10644677661169415
2 0.026875 0.5284857571214393 0.01375 0.01649175412293853
2 0.28625 0.7338830584707646 0.01375 0.013493253373313344
0 0.28375 0.48425787106446777 0.0225 0.0239880059970015
0 0.276875 0.40929535232383807 0.02125 0.020989505247376312
0 0.261875 0.35907046476761617 0.02625 0.022488755622188907
2 0.675 0.3523238380809595 0.00875 0.008995502248875561
2 0.69375 0.41304347826086957 0.01 0.010494752623688156
2 0.561875 0.32158920539730135 0.00625 0.005997001499250375
0 0.8075 0.2773613193403298 0.01875 0.025487256371814093
2 0.89 0.3238380809595202 0.01625 0.019490254872563718
0 0.8925 0.4550224887556222 0.02 0.019490254872563718
0 0.90875 0.43553223388305845 0.0225 0.025487256371814093
0 0.94875 0.5397301349325337 0.025 0.0239880059970015
0 0.928125 0.5554722638680659 0.02 0.020989505247376312
2 0.901875 0.5434782608695652 0.0075 0.0074962518740629685
2 0.90875 0.5629685157421289 0.00625 0.005997001499250375
1 0.29625 0.1409295352323838 0.0575 0.10044977511244378
2 0.288125 0.11019490254872563 0.0075 0.0074962518740629685
2 0.09875 0.18515742128935533 0.0375 0.037481259370314844