3 0.23875 0.5284857571214393 0.0275 0.11694152923538231
2 0.19125 0.3320839580209895 0.01875 0.020989505247376312
3 0.47125 0.5884557721139431 0.0325 0.08695652173913043
3 0.510625 0.6176911544227887 0.10375 0.022488755622188907
2 0.19875 0.6806596701649176 0.015 0.010494752623688156
2 0.4775 0.5749625187406296 0.02 0.017991004497751123
1 0.716875 0.20239880059970014 0.14875 0.22488755622188905
0 0.760625 0.20314842578710646 0.03 0.031484257871064465
0 0.686875 0.20164917541229385 0.02625 0.026986506746626688
0 0.703125 0.2826086956521739 0.0325 0.0239880059970015
2 0.74125 0.24437781109445278 0.01375 0.020989505247376312
2 0.71875 0.22338830584707647 0.00625 0.01649175412293853
2 0.744375 0.18590704647676162 0.0075 0.01199400299850075
0 0.734375 0.11694152923538231 0.02875 0.029985007496251874
1 0.565 0.0712143928035982 0.05 0.136431784107946
2 0.553125 0.1206896551724138 0.005 0.005997001499250375
2 0.560625 0.0952023988005997 0.00625 0.0074962518740629685
1 0.35 0.09970014992503748 0.0325 0.06296851574212893
2 0.35375 0.08320839580209895 0.01 0.01199400299850075
2 0.641875 0.34782608695652173 0.00375 0.005997001499250375
3 0.613125 0.2691154422788606 0.0075 0.037481259370314844
2 0.62125 0.22413793103448276 0.00625 0.008995502248875561
2 0.603125 0.12293853073463268 0.00375 0.005997001499250375
2 0.86 0.2368815592203898 0.01 0.010494752623688156
3 0.68875 0.8185907046476761 0.015 0.053973013493253376
2 0.69875 0.7496251874062968 0.00625 0.010494752623688156
2 0.67375 0.7548725637181409 0.005 0.008995502248875561
3 0.818125 0.11394302848575712 0.04125 0.020989505247376312
2 0.823125 0.10869565217391304 0.015 0.013493253373313344