2 0.17375 0.272863568215892 0.02625 0.02848575712143928
2 0.486875 0.5704647676161919 0.02 0.019490254872563718
3 0.475 0.5824587706146926 0.0375 0.07946026986506746
3 0.52125 0.618440779610195 0.11625 0.031484257871064465
1 0.708125 0.2436281859070465 0.1425 0.23388305847076463
0 0.68625 0.32008995502248877 0.0325 0.02848575712143928
0 0.739375 0.24887556221889057 0.035 0.026986506746626688
0 0.703125 0.15817091454272864 0.035 0.034482758620689655
0 0.6625 0.23613193403298352 0.03 0.0239880059970015
2 0.6925 0.20239880059970014 0.0175 0.022488755622188907
2 0.695 0.2653673163418291 0.01125 0.01649175412293853
2 0.7175 0.23238380809595202 0.01125 0.01649175412293853
2 0.72 0.2893553223388306 0.015 0.025487256371814093
2 0.84 0.3058470764617691 0.01 0.01199400299850075
2 0.790625 0.16491754122938532 0.0125 0.0074962518740629685
3 0.788125 0.17541229385307347 0.04125 0.022488755622188907
1 0.31375 0.06371814092953523 0.02875 0.07646176911544228
1 0.52875 0.07871064467766117 0.055 0.13193403298350825
2 0.52625 0.10569715142428786 0.00875 0.008995502248875561
2 0.315 0.05472263868065967 0.01125 0.008995502248875561
3 0.531875 0.02923538230884558 0.0275 0.01649175412293853
2 0.51875 0.12893553223388307 0.00625 0.005997001499250375
2 0.62875 0.3748125937031484 0.00375 0.004497751124437781
2 0.56875 0.13943028485757122 0.0025 0.004497751124437781
3 0.550625 0.12293853073463268 0.01625 0.03298350824587706
3 0.71875 0.856071964017991 0.01875 0.050974512743628186
2 0.698125 0.787856071964018 0.005 0.0074962518740629685
2 0.724375 0.787856071964018 0.00875 0.008995502248875561
3 0.23875 0.47976011994003 0.03 0.09895052473763119
2 0.210625 0.6259370314842578 0.01375 0.01199400299850075