0 0.45 0.29985007496251875 0.025 0.034482758620689655
2 0.411875 0.308095952023988 0.0225 0.020989505247376312
0 0.370625 0.30359820089955025 0.025 0.031484257871064465
2 0.42375 0.34782608695652173 0.01 0.01199400299850075
0 0.4375 0.3770614692653673 0.025 0.031484257871064465
2 0.1375 0.7593703148425787 0.01 0.013493253373313344
2 0.099375 0.7421289355322339 0.0075 0.013493253373313344
3 0.75625 0.7263868065967016 0.01625 0.07796101949025487
2 0.786875 0.7421289355322339 0.01125 0.013493253373313344
3 0.80125 0.7503748125937032 0.02 0.08245877061469266
2 0.459375 0.34707646176911544 0.00375 0.005997001499250375
3 0.504375 0.3410794602698651 0.01125 0.043478260869565216
3 0.693125 0.3373313343328336 0.02125 0.04047976011994003
3 0.194375 0.4617691154422789 0.04 0.10194902548725637
2 0.200625 0.4580209895052474 0.03 0.026986506746626688
2 0.419375 0.25037481259370314 0.04125 0.041979010494752625
3 0.168125 0.7451274362818591 0.0125 0.017991004497751123
3 0.090625 0.8163418290854573 0.025 0.05547226386806597
3 0.7575 0.7788605697151424 0.11125 0.02848575712143928
2 0.41875 0.06296851574212893 0.0625 0.07496251874062969
3 0.483125 0.25862068965517243 0.01875 0.034482758620689655
3 0.490625 0.20539730134932535 0.015 0.031484257871064465
3 0.4975 0.15742128935532235 0.01125 0.02848575712143928
2 0.67 0.15067466266866567 0.00875 0.010494752623688156
2 0.66125 0.8298350824587706 0.02875 0.02848575712143928
2 0.655625 0.9842578710644677 0.02875 0.02848575712143928
2 0.5575 0.4505247376311844 0.0575 0.05997001499250375
2 0.53125 0.41304347826086957 0.005 0.005997001499250375
2 0.526875 0.39730134932533734 0.005 0.005997001499250375
2 0.514375 0.37106446776611696 0.01125 0.008995502248875561
2 0.523125 0.2518740629685157 0.00375 0.008995502248875561
2 0.560625 0.315592203898051 0.0025 0.005997001499250375
3 0.356875 0.7331334332833583 0.03125 0.013493253373313344
3 0.263125 0.7166416791604198 0.02875 0.022488755622188907
1 0.625625 0.4955022488755622 0.07 0.13943028485757122