0 0.170625 0.07196401799100449 0.0325 0.04047976011994003
2 0.158125 0.16116941529235382 0.0125 0.014992503748125937
2 0.14625 0.22638680659670166 0.01375 0.014992503748125937
1 0.1825 0.6776611694152923 0.03125 0.047976011994003
2 0.155625 0.6664167916041979 0.04125 0.1454272863568216
0 0.18125 0.5112443778110944 0.03 0.025487256371814093
0 0.199375 0.5299850074962519 0.025 0.022488755622188907
0 0.565 0.19490254872563717 0.01625 0.031484257871064465
2 0.566875 0.25787106446776614 0.01 0.01199400299850075
2 0.57 0.3328335832083958 0.01375 0.017991004497751123
2 0.585625 0.5554722638680659 0.015 0.019490254872563718
2 0.595 0.7053973013493253 0.01375 0.01649175412293853
2 0.491875 0.09820089955022489 0.025 0.0239880059970015
2 0.4925 0.15592203898050974 0.01875 0.020989505247376312
2 0.64 0.1469265367316342 0.0175 0.01649175412293853
2 0.650625 0.0944527736131934 0.01875 0.019490254872563718
2 0.193125 0.2331334332833583 0.03875 0.12293853073463268
1 0.76125 0.404047976011994 0.03125 0.07196401799100449
0 0.195625 0.3650674662668666 0.02125 0.020989505247376312
0 0.34625 0.15967016491754124 0.02375 0.0239880059970015
0 0.8175 0.5337331334332833 0.02375 0.031484257871064465
2 0.8125 0.49400299850074963 0.01375 0.01649175412293853
2 0.56625 0.11544227886056972 0.0975 0.07496251874062969
2 0.184375 0.6731634182908546 0.01125 0.010494752623688156
2 0.144375 0.5442278860569715 0.0125 0.019490254872563718
3 0.723125 0.1679160419790105 0.01875 0.022488755622188907
3 0.735 0.1401799100449775 0.0175 0.017991004497751123
3 0.7475 0.10644677661169415 0.01625 0.025487256371814093
0 0.759375 0.1664167916041979 0.01125 0.020989505247376312