2 0.48 0.27586206896551724 0.01 0.01199400299850075
2 0.59 0.29535232383808097 0.01125 0.014992503748125937
2 0.584375 0.3658170914542729 0.0125 0.013493253373313344
2 0.57 0.5794602698650675 0.02 0.020989505247376312
2 0.5575 0.7218890554722639 0.01625 0.020989505247376312
1 0.411875 0.20689655172413793 0.03125 0.07796101949025487
0 0.784375 0.1911544227886057 0.02 0.02848575712143928
2 0.83875 0.17316341829085458 0.01375 0.01649175412293853
2 0.84375 0.22938530734632684 0.01375 0.01649175412293853
1 0.798125 0.24962518740629686 0.0725 0.06296851574212893
2 0.785625 0.25037481259370314 0.00875 0.0074962518740629685
0 0.815 0.5194902548725637 0.02125 0.025487256371814093
0 0.81125 0.3980509745127436 0.01875 0.0239880059970015
2 0.790625 0.5044977511244377 0.015 0.014992503748125937
2 0.789375 0.5299850074962519 0.01 0.014992503748125937
2 0.811875 0.30434782608695654 0.0125 0.01649175412293853
2 0.783125 0.30434782608695654 0.01 0.014992503748125937
2 0.7825 0.2818590704647676 0.00875 0.005997001499250375
2 0.23625 0.9730134932533733 0.0625 0.050974512743628186
0 0.835 0.08995502248875563 0.02875 0.034482758620689655
1 0.343125 0.7503748125937032 0.0725 0.08845577211394302
2 0.405625 0.23238380809595202 0.01 0.0074962518740629685
2 0.470625 0.20764617691154422 0.00875 0.0074962518740629685
2 0.48875 0.2128935532233883 0.00625 0.0074962518740629685
1 0.67875 0.15592203898050974 0.04875 0.10494752623688156
1 0.738125 0.16266866566716642 0.05375 0.095952023988006
0 0.86875 0.7661169415292354 0.04625 0.041979010494752625