3 0.24 0.5089820359281437 0.02625 0.11077844311377245
2 0.17625 0.3083832335329341 0.01875 0.019461077844311378
3 0.47875 0.5853293413173652 0.03125 0.08233532934131736
3 0.52 0.6182634730538922 0.1025 0.019461077844311378
2 0.21125 0.6586826347305389 0.01375 0.010479041916167664
2 0.4825 0.5718562874251497 0.02 0.016467065868263474
1 0.695 0.21706586826347304 0.14375 0.20958083832335328
0 0.73875 0.2215568862275449 0.03 0.029940119760479042
0 0.665 0.21407185628742514 0.02625 0.025449101796407185
0 0.6875 0.2964071856287425 0.0325 0.02245508982035928
2 0.7225 0.26047904191616766 0.0125 0.019461077844311378
2 0.6975 0.23802395209580837 0.00625 0.014970059880239521
2 0.72125 0.20209580838323354 0.0075 0.011976047904191617
0 0.70625 0.13323353293413173 0.02875 0.02844311377245509
1 0.53125 0.07335329341317365 0.0475 0.12724550898203593
2 0.52375 0.12275449101796407 0.005 0.005988023952095809
2 0.52875 0.09730538922155689 0.00625 0.0074850299401197605
1 0.31875 0.08682634730538923 0.03125 0.059880239520958084
2 0.32 0.07035928143712575 0.01 0.011976047904191617
2 0.63125 0.35778443113772457 0.00375 0.005988023952095809
3 0.595 0.27694610778443113 0.0075 0.03592814371257485
2 0.6 0.23203592814371257 0.00625 0.008982035928143712
2 0.57375 0.12874251497005987 0.00375 0.005988023952095809
2 0.84125 0.2619760479041916 0.01 0.010479041916167664
3 0.715 0.8323353293413174 0.0125 0.05089820359281437
2 0.72 0.7649700598802395 0.00625 0.010479041916167664
2 0.695 0.7679640718562875 0.005 0.008982035928143712
3 0.79 0.13622754491017963 0.04 0.017964071856287425
2 0.79375 0.1317365269461078 0.01375 0.01347305389221557