2 0.52 0.4910044977511244 0.04 0.046476761619190406
2 0.53375 0.2901049475262369 0.03375 0.035982008995502246
0 0.024375 0.6394302848575713 0.04875 0.05847076461769116
3 0.43625 0.6754122938530734 0.04375 0.1424287856071964
3 0.57875 0.6724137931034483 0.055 0.1424287856071964
2 0.844375 0.7271364317841079 0.01875 0.013493253373313344
1 0.4775 0.15967016491754124 0.0325 0.12143928035982009
1 0.40125 0.11019490254872563 0.03125 0.10494752623688156
1 0.75375 0.24962518740629686 0.0325 0.06446776611694154
2 0.7575 0.2331334332833583 0.01375 0.01199400299850075
2 0.331875 0.856071964017991 0.01625 0.014992503748125937
0 0.325625 0.047976011994003 0.02375 0.0239880059970015
2 0.30125 0.2863568215892054 0.01625 0.013493253373313344
0 0.191875 0.4032983508245877 0.03 0.031484257871064465
2 0.18125 0.4917541229385307 0.0075 0.017991004497751123
2 0.119375 0.4332833583208396 0.0175 0.022488755622188907
2 0.163125 0.34707646176911544 0.01625 0.017991004497751123
2 0.32 0.2391304347826087 0.02125 0.01649175412293853
2 0.55 0.10569715142428786 0.01875 0.01649175412293853
2 0.551875 0.05472263868065967 0.01375 0.013493253373313344
1 0.32625 0.1911544227886057 0.06875 0.050974512743628186
2 0.32875 0.10869565217391304 0.085 0.06446776611694154
2 0.29125 0.12368815592203898 0.00875 0.01199400299850075
2 0.3 0.11019490254872563 0.00875 0.008995502248875561
2 0.400625 0.1446776611694153 0.0075 0.01199400299850075
2 0.476875 0.17166416791604197 0.01 0.01199400299850075
2 0.47625 0.20539730134932535 0.00875 0.0074962518740629685
2 0.690625 0.015742128935532233 0.0075 0.010494752623688156
0 0.24375 0.29160419790104947 0.02375 0.035982008995502246
2 0.335 0.1904047976011994 0.0125 0.014992503748125937
2 0.246875 0.18815592203898052 0.015 0.010494752623688156
2 0.21875 0.24062968515742128 0.0175 0.017991004497751123
2 0.190625 0.31784107946026985 0.0175 0.01199400299850075
2 0.20375 0.29160419790104947 0.0175 0.014992503748125937
0 0.186875 0.05022488755622189 0.0275 0.022488755622188907