2 0.7225 0.8598200899550225 0.0525 0.05997001499250375
2 0.328125 0.7931034482758621 0.01625 0.01649175412293853
2 0.27375 0.5989505247376312 0.0175 0.019490254872563718
2 0.1675 0.1956521739130435 0.005 0.005997001499250375
2 0.11875 0.19865067466266867 0.03375 0.026986506746626688
2 0.020625 0.2158920539730135 0.04125 0.05697151424287856
1 0.10625 0.39205397301349326 0.05625 0.043478260869565216
1 0.0325 0.5344827586206896 0.0525 0.10794602698650675
2 0.0275 0.5517241379310345 0.0175 0.01649175412293853
2 0.2725 0.7466266866566716 0.01125 0.01199400299850075
1 0.33625 0.7233883058470765 0.075 0.11394302848575712
0 0.2825 0.49325337331334335 0.02625 0.019490254872563718
0 0.283125 0.41829085457271364 0.025 0.020989505247376312
0 0.26375 0.37106446776611696 0.02125 0.0239880059970015
1 0.31875 0.14392803598200898 0.0525 0.08545727136431784
2 0.31125 0.1184407796101949 0.00625 0.005997001499250375
2 0.901875 0.30359820089955025 0.01 0.008995502248875561
2 0.884375 0.25412293853073464 0.01125 0.010494752623688156
0 0.86375 0.18440779610194902 0.02 0.025487256371814093
1 0.85625 0.32008995502248877 0.07 0.08245877061469266
0 0.82125 0.2593703148425787 0.02125 0.020989505247376312
2 0.68375 0.3403298350824588 0.01125 0.010494752623688156
2 0.7 0.4025487256371814 0.01125 0.01199400299850075
0 0.91375 0.4160419790104948 0.01625 0.019490254872563718
0 0.89625 0.43553223388305845 0.02 0.019490254872563718
0 0.923125 0.5344827586206896 0.01625 0.01649175412293853
0 0.944375 0.5164917541229386 0.02 0.0239880059970015
2 0.89875 0.5224887556221889 0.0075 0.0074962518740629685
2 0.906875 0.5442278860569715 0.01 0.01199400299850075
1 0.9725 0.6319340329835083 0.0525 0.10344827586206896
2 0.571875 0.31859070464767614 0.00375 0.005997001499250375
2 0.739375 0.5817091454272864 0.0125 0.014992503748125937
2 0.763125 0.6934032983508246 0.01125 0.013493253373313344