2 0.710625 0.863568215892054 0.05125 0.05997001499250375
2 0.3175 0.787856071964018 0.01625 0.01649175412293853
2 0.27 0.5937031484257871 0.0175 0.019490254872563718
2 0.178125 0.1911544227886057 0.005 0.005997001499250375
1 0.10875 0.38455772113943026 0.05625 0.044977511244377814
1 0.030625 0.5239880059970015 0.0525 0.10794602698650675
2 0.024375 0.5419790104947526 0.0175 0.01649175412293853
2 0.26375 0.7413793103448276 0.0125 0.013493253373313344
1 0.3275 0.719640179910045 0.075 0.11394302848575712
0 0.2825 0.48875562218890556 0.02625 0.019490254872563718
0 0.284375 0.41379310344827586 0.025 0.020989505247376312
0 0.266875 0.3658170914542729 0.02125 0.0239880059970015
1 0.33 0.1409295352323838 0.0525 0.08545727136431784
2 0.323125 0.11469265367316342 0.00625 0.005997001499250375
2 0.90875 0.3118440779610195 0.00875 0.008995502248875561
2 0.893125 0.2631184407796102 0.01 0.01199400299850075
0 0.873125 0.1956521739130435 0.02 0.025487256371814093
1 0.8625 0.3275862068965517 0.07 0.08395802098950525
0 0.83 0.26686656671664166 0.02125 0.020989505247376312
2 0.69 0.34632683658170915 0.01 0.01199400299850075
2 0.70375 0.4070464767616192 0.0125 0.013493253373313344
0 0.9175 0.42653673163418293 0.01625 0.019490254872563718
0 0.89875 0.444527736131934 0.02 0.019490254872563718
0 0.923125 0.5434782608695652 0.01625 0.01649175412293853
0 0.945 0.5262368815592204 0.02 0.0239880059970015
2 0.89875 0.5307346326836582 0.0075 0.0074962518740629685
2 0.90625 0.5524737631184408 0.01 0.01199400299850075
1 0.97125 0.6416791604197901 0.055 0.10494752623688156
2 0.578125 0.32008995502248877 0.00375 0.005997001499250375
2 0.738125 0.5862068965517241 0.0125 0.01649175412293853
2 0.758125 0.6986506746626686 0.0125 0.014992503748125937