0 0.188125 0.01721556886227545 0.03375 0.0344311377245509
2 0.17125 0.10029940119760479 0.01375 0.017964071856287425
2 0.1575 0.1624251497005988 0.015 0.017964071856287425
1 0.1775 0.6160179640718563 0.0325 0.04940119760479042
2 0.150625 0.6010479041916168 0.04375 0.14820359281437126
0 0.181875 0.4513473053892216 0.03 0.02694610778443114
0 0.19875 0.47380239520958084 0.02625 0.023952095808383235
0 0.576875 0.20808383233532934 0.01625 0.03293413173652695
2 0.575 0.27095808383233533 0.01 0.011976047904191617
2 0.576875 0.3458083832335329 0.015 0.020958083832335328
2 0.583125 0.5711077844311377 0.01625 0.02245508982035928
2 0.586875 0.7208083832335329 0.015 0.019461077844311378
2 0.50625 0.09730538922155689 0.025 0.025449101796407185
2 0.505 0.15568862275449102 0.02 0.02245508982035928
2 0.6525 0.17440119760479042 0.01875 0.019461077844311378
2 0.664375 0.12425149700598802 0.02 0.020958083832335328
2 0.203125 0.17739520958083832 0.04 0.12574850299401197
1 0.764375 0.45209580838323354 0.03125 0.0748502994011976
0 0.200625 0.3091317365269461 0.0225 0.02245508982035928
0 0.359375 0.1317365269461078 0.02375 0.025449101796407185
0 0.815625 0.5913173652694611 0.02375 0.03143712574850299
2 0.8125 0.5508982035928144 0.015 0.019461077844311378
2 0.57875 0.12949101796407186 0.0975 0.07934131736526946
2 0.17875 0.6115269461077845 0.01125 0.010479041916167664
2 0.144375 0.47754491017964074 0.01375 0.02245508982035928
3 0.735 0.21107784431137724 0.01875 0.025449101796407185
3 0.746875 0.18488023952095808 0.01875 0.020958083832335328
3 0.76125 0.15419161676646706 0.01625 0.02844311377245509
0 0.770625 0.21631736526946108 0.0125 0.02245508982035928