3 0.7125 0.46476761619190404 0.02625 0.008995502248875561
3 0.638125 0.45952023988005997 0.0125 0.0074962518740629685
3 0.78 0.4700149925037481 0.015 0.0074962518740629685
3 0.62125 0.43778110944527737 0.01 0.017991004497751123
3 0.63625 0.3523238380809595 0.005 0.01199400299850075
3 0.648125 0.28335832083958024 0.01125 0.01649175412293853
3 0.665625 0.17391304347826086 0.0175 0.022488755622188907
3 0.566875 0.11319340329835083 0.025 0.017991004497751123
3 0.479375 0.11094452773613193 0.01625 0.01199400299850075
2 0.274375 0.1701649175412294 0.005 0.005997001499250375
2 0.323125 0.17616191904047976 0.0075 0.0074962518740629685
2 0.34625 0.07196401799100449 0.0075 0.0074962518740629685
3 0.35875 0.15892053973013492 0.01625 0.02848575712143928
2 0.180625 0.6424287856071964 0.0075 0.0074962518740629685
3 0.20875 0.5637181409295352 0.01625 0.07496251874062969
3 0.28625 0.5037481259370314 0.0175 0.0239880059970015
3 0.2325 0.795352323838081 0.0175 0.022488755622188907
3 0.256875 0.6649175412293853 0.02375 0.034482758620689655
3 0.32 0.3275862068965517 0.0225 0.029985007496251874
2 0.225625 0.4017991004497751 0.01 0.010494752623688156
3 0.246875 0.3545727136431784 0.0125 0.031484257871064465
3 0.271875 0.23088455772113944 0.015 0.043478260869565216
3 0.311875 0.06521739130434782 0.0175 0.038980509745127435
2 0.749375 0.27361319340329837 0.02 0.0239880059970015
2 0.7625 0.17916041979010494 0.02125 0.020989505247376312
3 0.82375 0.09070464767616192 0.055 0.06296851574212893
3 0.753125 0.05697151424287856 0.03375 0.04047976011994003