0 0.15125 0.04940119760479042 0.0325 0.0374251497005988
2 0.1425 0.1377245508982036 0.01375 0.014970059880239521
2 0.13375 0.20209580838323354 0.015 0.014970059880239521
1 0.19 0.6541916167664671 0.03125 0.04491017964071856
2 0.16125 0.6422155688622755 0.03875 0.13922155688622753
0 0.18 0.4880239520958084 0.03 0.023952095808383235
0 0.19875 0.5089820359281437 0.02625 0.020958083832335328
0 0.5525 0.19910179640718562 0.01625 0.029940119760479042
2 0.555 0.2619760479041916 0.01 0.011976047904191617
2 0.56375 0.33682634730538924 0.015 0.017964071856287425
2 0.58875 0.561377245508982 0.01625 0.019461077844311378
2 0.60375 0.7110778443113772 0.015 0.016467065868263474
2 0.47375 0.09730538922155689 0.025 0.02245508982035928
2 0.4775 0.15568862275449102 0.02 0.019461077844311378
2 0.625 0.15568862275449102 0.01875 0.016467065868263474
2 0.6325 0.10479041916167664 0.02 0.017964071856287425
2 0.18 0.21107784431137724 0.03625 0.11826347305389222
2 0.215 0.09281437125748503 0.0675 0.04341317365269461
1 0.75875 0.4221556886227545 0.03 0.0688622754491018
0 0.18875 0.344311377245509 0.0225 0.019461077844311378
0 0.33 0.14820359281437126 0.02375 0.02245508982035928
0 0.82 0.5553892215568862 0.02375 0.02844311377245509
2 0.81375 0.5149700598802395 0.015 0.016467065868263474
2 0.54875 0.11976047904191617 0.09875 0.0688622754491018
2 0.19125 0.6497005988023952 0.0125 0.010479041916167664
2 0.14625 0.5194610778443114 0.01375 0.019461077844311378
3 0.70875 0.18263473053892215 0.01875 0.02245508982035928
3 0.72 0.15568862275449102 0.01875 0.017964071856287425
3 0.73 0.12275449101796407 0.01625 0.025449101796407185
0 0.745 0.18413173652694612 0.0125 0.020958083832335328