2 0.3675 0.6467065868263473 0.05125 0.06287425149700598
2 0.515 0.6781437125748503 0.03125 0.03293413173652695
0 0.933125 0.6541916167664671 0.0575 0.05089820359281437
2 0.190625 0.7956586826347305 0.19875 0.08233532934131736
0 0.04375 0.5696107784431138 0.0675 0.09431137724550898
2 0.38 0.4842814371257485 0.03375 0.03592814371257485
2 0.393125 0.28967065868263475 0.02625 0.023952095808383235
0 0.673125 0.05239520958083832 0.03125 0.02245508982035928
0 0.825 0.0748502994011976 0.02375 0.02694610778443114
2 0.344375 0.09131736526946108 0.0225 0.023952095808383235
2 0.36125 0.16541916167664672 0.02 0.023952095808383235
2 0.515 0.17290419161676646 0.0225 0.023952095808383235
2 0.508125 0.09505988023952096 0.02 0.023952095808383235
2 0.336875 0.17664670658682635 0.01 0.010479041916167664
3 0.254375 0.1122754491017964 0.0175 0.02844311377245509
3 0.265 0.1601796407185629 0.01375 0.02844311377245509
3 0.274375 0.19610778443113772 0.01375 0.02844311377245509
1 0.189375 0.2694610778443114 0.05875 0.12724550898203593
2 0.19375 0.4723053892215569 0.01125 0.019461077844311378
0 0.2275 0.03817365269461078 0.02375 0.023952095808383235
2 0.43375 0.8480538922155688 0.01875 0.016467065868263474
2 0.79375 0.874251497005988 0.0175 0.019461077844311378
2 0.9425 0.5269461077844312 0.01875 0.02245508982035928
0 0.189375 0.5142215568862275 0.02875 0.0374251497005988