0 0.060625 0.6526946107784432 0.05 0.05089820359281437
2 0.518125 0.48502994011976047 0.04125 0.04640718562874251
3 0.475 0.6646706586826348 0.03375 0.15868263473053892
3 0.605625 0.6654191616766467 0.05875 0.1407185628742515
2 0.893125 0.719311377245509 0.0175 0.020958083832335328
2 0.32125 0.1467065868263473 0.00875 0.008982035928143712
2 0.404375 0.17440119760479042 0.00625 0.0074850299401197605
2 0.41125 0.2058383233532934 0.00875 0.004491017964071856
1 0.396875 0.14146706586826346 0.04625 0.15868263473053892
0 0.386875 0.07709580838323353 0.0175 0.017964071856287425
1 0.313125 0.1122754491017964 0.03875 0.10479041916167664
1 0.258125 0.19386227544910178 0.07375 0.05688622754491018
2 0.264375 0.24476047904191617 0.0125 0.008982035928143712
2 0.2575 0.28892215568862273 0.0125 0.010479041916167664
2 0.15875 0.2971556886227545 0.01375 0.010479041916167664
2 0.15125 0.32335329341317365 0.01625 0.011976047904191617
0 0.228125 0.0531437125748503 0.03 0.025449101796407185
0 0.0925 0.058383233532934134 0.02875 0.02694610778443114
2 0.13125 0.3532934131736527 0.0175 0.01347305389221557
2 0.108125 0.4416167664670659 0.02 0.019461077844311378
0 0.17375 0.40793413173652693 0.0275 0.03143712574850299
0 0.2 0.29416167664670656 0.0275 0.03293413173652695
2 0.18125 0.4977544910179641 0.0175 0.025449101796407185
2 0.49 0.2926646706586826 0.0325 0.02844311377245509
2 0.4625 0.10553892215568862 0.01875 0.011976047904191617
2 0.454375 0.05688622754491018 0.0125 0.0074850299401197605
1 0.69625 0.2402694610778443 0.05 0.0748502994011976
2 0.69625 0.2252994011976048 0.01375 0.010479041916167664
2 0.414375 0.8600299401197605 0.01625 0.008982035928143712