0 0.023125 0.6656671664167916 0.04625 0.047976011994003
2 0.520625 0.48500749625187406 0.04125 0.043478260869565216
3 0.43875 0.6664167916041979 0.0325 0.15142428785607195
3 0.57 0.6634182908545727 0.05875 0.13193403298350825
2 0.8525 0.7038980509745127 0.01625 0.017991004497751123
2 0.3975 0.15142428785607195 0.00875 0.008995502248875561
2 0.475625 0.17616191904047976 0.0075 0.0074962518740629685
2 0.475 0.20764617691154422 0.00875 0.004497751124437781
1 0.474375 0.1446776611694153 0.045 0.15142428785607195
0 0.4775 0.08020989505247376 0.01625 0.014992503748125937
1 0.39625 0.11694152923538231 0.0375 0.09895052473763119
1 0.32375 0.20164917541229385 0.07375 0.05247376311844078
2 0.3175 0.25337331334332835 0.0125 0.008995502248875561
2 0.30125 0.29685157421289354 0.0125 0.010494752623688156
2 0.200625 0.30884557721139433 0.01375 0.008995502248875561
2 0.1875 0.3328335832083958 0.01625 0.010494752623688156
2 0.1175 0.45577211394302847 0.02 0.01649175412293853
0 0.19125 0.42278860569715143 0.0275 0.029985007496251874
0 0.241875 0.30359820089955025 0.0275 0.031484257871064465
2 0.17875 0.5082458770614693 0.0175 0.022488755622188907
1 0.755 0.2331334332833583 0.05125 0.06896551724137931
2 0.335625 0.8643178410794603 0.01625 0.0074962518740629685
2 0.535 0.29310344827586204 0.03375 0.025487256371814093