2 0.434375 0.2691154422788606 0.01 0.010494752623688156
2 0.55 0.29535232383808097 0.01125 0.013493253373313344
2 0.55875 0.36731634182908546 0.0125 0.01199400299850075
2 0.58625 0.5847076461769115 0.01875 0.017991004497751123
2 0.60375 0.7278860569715142 0.015 0.017991004497751123
1 0.3525 0.19715142428785606 0.03125 0.0734632683658171
0 0.72625 0.2143928035982009 0.02 0.025487256371814093
1 0.751875 0.27361319340329837 0.07125 0.05847076461769116
2 0.738125 0.2698650674662669 0.00875 0.01199400299850075
0 0.826875 0.545727136431784 0.02125 0.0239880059970015
0 0.7975 0.4205397301349325 0.0175 0.020989505247376312
2 0.795625 0.5262368815592204 0.015 0.01199400299850075
2 0.8 0.5524737631184408 0.01 0.013493253373313344
2 0.3225 0.9580209895052474 0.075 0.05697151424287856
0 0.759375 0.11544227886056972 0.02875 0.03298350824587706
1 0.3875 0.7428785607196402 0.07125 0.08245877061469266
2 0.351875 0.22263868065967016 0.01 0.0074962518740629685
1 0.61125 0.16941529235382308 0.0475 0.09895052473763119
1 0.673125 0.18065967016491755 0.0525 0.08995502248875563