2 0.6975 0.8260869565217391 0.05 0.05997001499250375
2 0.305625 0.8223388305847077 0.015 0.01649175412293853
2 0.266875 0.6356821589205397 0.01625 0.019490254872563718
2 0.18875 0.24962518740629686 0.005 0.005997001499250375
1 0.1125 0.45652173913043476 0.05375 0.041979010494752625
1 0.0275 0.610944527736132 0.0475 0.10944527736131934
2 0.02125 0.6289355322338831 0.01625 0.01649175412293853
2 0.25375 0.7848575712143928 0.01 0.01199400299850075
1 0.31875 0.7518740629685158 0.07 0.11394302848575712
0 0.28125 0.5292353823088456 0.025 0.019490254872563718
0 0.288125 0.4542728635682159 0.02375 0.020989505247376312
0 0.2725 0.4085457271364318 0.02 0.0239880059970015
1 0.34375 0.17166416791604197 0.04875 0.08695652173913043
2 0.3375 0.14617691154422788 0.00625 0.005997001499250375
2 0.9175 0.2376311844077961 0.00875 0.008995502248875561
2 0.903125 0.1896551724137931 0.01 0.010494752623688156
0 0.8875 0.12293853073463268 0.01875 0.025487256371814093
1 0.870625 0.2593703148425787 0.06625 0.08395802098950525
0 0.84 0.20464767616191903 0.02 0.020989505247376312
2 0.69625 0.3095952023988006 0.01 0.010494752623688156
2 0.706875 0.36881559220389803 0.01 0.01199400299850075
0 0.921875 0.34782608695652173 0.015 0.019490254872563718
0 0.9025 0.37106446776611696 0.01875 0.019490254872563718
0 0.92375 0.46476761619190404 0.015 0.01649175412293853
0 0.944375 0.44377811094452774 0.01875 0.0239880059970015
2 0.89875 0.4580209895052474 0.0075 0.0074962518740629685
2 0.905 0.4790104947526237 0.00875 0.01199400299850075
1 0.9675 0.5554722638680659 0.05375 0.10194902548725637
2 0.58625 0.30434782608695654 0.00375 0.005997001499250375
2 0.735625 0.5434782608695652 0.01 0.01649175412293853
2 0.75125 0.6529235382308846 0.01 0.013493253373313344