2 0.735 0.8500749625187406 0.05 0.05997001499250375
2 0.340625 0.8043478260869565 0.015 0.01649175412293853
2 0.280625 0.6116941529235382 0.01625 0.019490254872563718
2 0.15875 0.2136431784107946 0.005 0.005997001499250375
1 0.105 0.41454272863568215 0.05375 0.041979010494752625
1 0.0375 0.5599700149925038 0.0475 0.10944527736131934
2 0.03375 0.5779610194902549 0.01625 0.01649175412293853
2 0.28375 0.7608695652173914 0.01 0.01199400299850075
1 0.34625 0.7338830584707646 0.07 0.11394302848575712
0 0.28375 0.5052473763118441 0.025 0.019490254872563718
0 0.280625 0.4302848575712144 0.02375 0.020989505247376312
0 0.26 0.38455772113943026 0.02 0.0239880059970015
1 0.30625 0.15367316341829085 0.04875 0.08695652173913043
2 0.2975 0.12818590704647675 0.00625 0.005997001499250375
2 0.89 0.27961019490254874 0.00875 0.008995502248875561
2 0.870625 0.23163418290854573 0.01 0.010494752623688156
0 0.8475 0.1619190404797601 0.01875 0.025487256371814093
1 0.845625 0.2983508245877061 0.06625 0.08395802098950525
0 0.81 0.24062968515742128 0.02 0.020989505247376312
2 0.67625 0.3305847076461769 0.01 0.010494752623688156
2 0.694375 0.38980509745127434 0.01 0.01199400299850075
0 0.906875 0.39280359820089955 0.015 0.019490254872563718
0 0.89 0.41304347826086957 0.01875 0.019490254872563718
0 0.92125 0.5097451274362819 0.015 0.01649175412293853
0 0.941875 0.4917541229385307 0.01875 0.0239880059970015
2 0.89625 0.5 0.0075 0.0074962518740629685
2 0.905 0.5209895052473763 0.00875 0.01199400299850075
1 0.974375 0.6064467766116941 0.04875 0.10344827586206896
2 0.565 0.31334332833583206 0.00375 0.005997001499250375
2 0.740625 0.5674662668665668 0.01 0.01649175412293853
2 0.76875 0.6799100449775113 0.01 0.013493253373313344