2 0.2025 0.30884557721139433 0.025 0.025487256371814093
3 0.46375 0.5862068965517241 0.0325 0.0734632683658171
3 0.50375 0.6176911544227887 0.115 0.0239880059970015
1 0.7475 0.21739130434782608 0.1325 0.2143928035982009
0 0.71375 0.29685157421289354 0.03125 0.025487256371814093
0 0.77625 0.22038980509745126 0.03875 0.025487256371814093
0 0.75375 0.13193403298350825 0.03375 0.031484257871064465
0 0.70125 0.2143928035982009 0.02875 0.020989505247376312
2 0.7375 0.17691154422788605 0.01625 0.019490254872563718
2 0.73 0.239880059970015 0.01 0.014992503748125937
2 0.75875 0.20389805097451275 0.01 0.014992503748125937
2 0.75375 0.2608695652173913 0.01375 0.022488755622188907
2 0.87125 0.2638680659670165 0.01 0.01199400299850075
1 0.37375 0.08095952023988005 0.02625 0.0704647676161919
1 0.58875 0.07196401799100449 0.04875 0.12293853073463268
2 0.5825 0.09895052473763119 0.00875 0.008995502248875561
2 0.37625 0.07196401799100449 0.01125 0.008995502248875561
2 0.5725 0.12293853073463268 0.00625 0.005997001499250375
2 0.6475 0.3583208395802099 0.00375 0.004497751124437781
2 0.62125 0.12743628185907047 0.0025 0.004497751124437781
3 0.605 0.11394302848575712 0.015 0.029985007496251874
3 0.67 0.8335832083958021 0.01625 0.046476761619190406
2 0.65875 0.767616191904048 0.005 0.0074962518740629685
2 0.685 0.7646176911544228 0.00875 0.008995502248875561
3 0.23875 0.5097451274362819 0.02625 0.09295352323838081
2 0.18875 0.6611694152923538 0.01375 0.010494752623688156
2 0.635 0.23088455772113944 0.00375 0.005997001499250375