2 0.163125 0.3058470764617691 0.02625 0.02848575712143928
3 0.48125 0.5862068965517241 0.035 0.07946026986506746
3 0.529375 0.618440779610195 0.11625 0.029985007496251874
1 0.685625 0.22038980509745126 0.13875 0.23088455772113944
0 0.66875 0.29910044977511246 0.0325 0.02848575712143928
0 0.714375 0.22338830584707647 0.04 0.02848575712143928
0 0.674375 0.13343328335832083 0.035 0.034482758620689655
0 0.639375 0.2158920539730135 0.02875 0.0239880059970015
2 0.666875 0.17916041979010494 0.01625 0.020989505247376312
2 0.67375 0.24212893553223389 0.01 0.01649175412293853
2 0.69375 0.20614692653673164 0.01 0.01649175412293853
2 0.701875 0.2631184407796102 0.015 0.0239880059970015
2 0.820625 0.2646176911544228 0.01 0.01199400299850075
1 0.284375 0.07946026986506746 0.02875 0.07646176911544228
1 0.49625 0.07196401799100449 0.05375 0.13043478260869565
2 0.495625 0.09895052473763119 0.00875 0.008995502248875561
2 0.285 0.06971514242878561 0.01125 0.008995502248875561
2 0.49125 0.12293853073463268 0.00625 0.005997001499250375
2 0.616875 0.3605697151424288 0.00375 0.004497751124437781
2 0.540625 0.12818590704647675 0.0025 0.004497751124437781
3 0.52125 0.11394302848575712 0.01625 0.031484257871064465
3 0.740625 0.8350824587706147 0.0175 0.049475262368815595
2 0.715 0.7706146926536732 0.005 0.0074962518740629685
2 0.74125 0.767616191904048 0.00875 0.008995502248875561
3 0.243125 0.507496251874063 0.02875 0.09895052473763119
2 0.225 0.6581709145427287 0.01375 0.010494752623688156