3 0.696875 0.4573353293413174 0.025 0.008982035928143712
3 0.621875 0.4565868263473054 0.0125 0.0074850299401197605
3 0.769375 0.46182634730538924 0.02375 0.01347305389221557
3 0.601875 0.43488023952095806 0.00875 0.017964071856287425
3 0.594375 0.34655688622754494 0.01375 0.019461077844311378
3 0.59 0.2791916167664671 0.01625 0.02245508982035928
3 0.580625 0.17290419161676646 0.0175 0.02245508982035928
3 0.469375 0.11377245508982035 0.02375 0.017964071856287425
3 0.380625 0.11377245508982035 0.01625 0.011976047904191617
2 0.18625 0.17964071856287425 0.00625 0.0074850299401197605
2 0.235625 0.0748502994011976 0.01375 0.01347305389221557
2 0.214375 0.6519461077844312 0.0075 0.011976047904191617
3 0.224375 0.5688622754491018 0.01625 0.0748502994011976
3 0.283125 0.47604790419161674 0.0175 0.023952095808383235
3 0.306875 0.7994011976047904 0.0175 0.02245508982035928
3 0.29875 0.6601796407185628 0.0225 0.0344311377245509
3 0.276875 0.33083832335329344 0.02125 0.029940119760479042
2 0.2 0.41092814371257486 0.0125 0.008982035928143712
3 0.209375 0.35853293413173654 0.0125 0.03143712574850299
3 0.20375 0.23577844311377247 0.015 0.04341317365269461
3 0.2 0.07035928143712575 0.0175 0.038922155688622756
2 0.2375 0.18113772455089822 0.0075 0.0074850299401197605