0 0.16125 0.03817365269461078 0.03125 0.038922155688622756
2 0.15125 0.12649700598802396 0.0125 0.016467065868263474
2 0.140625 0.19011976047904192 0.01375 0.016467065868263474
1 0.18625 0.6444610778443114 0.03125 0.04790419161676647
2 0.158125 0.6317365269461078 0.04 0.1467065868263473
0 0.18125 0.4782934131736527 0.02875 0.025449101796407185
0 0.19875 0.49850299401197606 0.025 0.02245508982035928
0 0.559375 0.20059880239520958 0.015 0.03143712574850299
2 0.56 0.2634730538922156 0.01 0.011976047904191617
2 0.5675 0.3383233532934132 0.01375 0.019461077844311378
2 0.586875 0.5643712574850299 0.015 0.020958083832335328
2 0.599375 0.7133233532934131 0.01375 0.017964071856287425
2 0.483125 0.09730538922155689 0.02375 0.023952095808383235
2 0.485 0.15568862275449102 0.01875 0.020958083832335328
2 0.6325 0.1601796407185629 0.0175 0.017964071856287425
2 0.641875 0.1092814371257485 0.01875 0.019461077844311378
2 0.186875 0.20134730538922155 0.03625 0.12425149700598802
1 0.76 0.43038922155688625 0.03 0.0718562874251497
0 0.1925 0.3338323353293413 0.02125 0.020958083832335328
0 0.33875 0.14221556886227546 0.0225 0.023952095808383235
0 0.819375 0.5651197604790419 0.0225 0.029940119760479042
2 0.8125 0.5247005988023952 0.01375 0.017964071856287425
2 0.556875 0.12125748502994012 0.09625 0.0748502994011976
2 0.1875 0.6399700598802395 0.01125 0.010479041916167664
2 0.145625 0.5074850299401198 0.0125 0.020958083832335328
3 0.715625 0.19011976047904192 0.0175 0.023952095808383235
3 0.7275 0.1624251497005988 0.0175 0.019461077844311378
3 0.738125 0.1309880239520958 0.015 0.02694610778443114
0 0.751875 0.19236526946107785 0.01125 0.02245508982035928