2 0.69625 0.8215892053973014 0.05125 0.05997001499250375
2 0.304375 0.8260869565217391 0.015 0.01649175412293853
2 0.265 0.6409295352323838 0.01625 0.019490254872563718
2 0.19 0.2563718140929535 0.005 0.005997001499250375
1 0.111875 0.46476761619190404 0.05625 0.041979010494752625
1 0.02625 0.6206896551724138 0.05 0.10944527736131934
2 0.020625 0.638680659670165 0.01625 0.01649175412293853
2 0.253125 0.7893553223388305 0.01125 0.01199400299850075
1 0.316875 0.7548725637181409 0.0725 0.11544227886056972
0 0.281875 0.5337331334332833 0.025 0.020989505247376312
0 0.286875 0.4587706146926537 0.02375 0.022488755622188907
0 0.271875 0.41304347826086957 0.02125 0.025487256371814093
1 0.345 0.17541229385307347 0.05125 0.08695652173913043
2 0.338125 0.15142428785607195 0.00625 0.005997001499250375
2 0.919375 0.22863568215892055 0.01 0.008995502248875561
2 0.905625 0.18140929535232383 0.01125 0.010494752623688156
0 0.889375 0.11469265367316342 0.02 0.025487256371814093
1 0.8725 0.2518740629685157 0.06875 0.08545727136431784
0 0.841875 0.19940029985007496 0.02 0.022488755622188907
2 0.6975 0.3058470764617691 0.01125 0.010494752623688156
2 0.7075 0.3650674662668666 0.01125 0.01199400299850075
0 0.9225 0.3395802098950525 0.015 0.019490254872563718
0 0.903125 0.36281859070464767 0.01875 0.019490254872563718
0 0.923125 0.45577211394302847 0.015 0.01649175412293853
0 0.945 0.4340329835082459 0.02 0.0239880059970015
2 0.899375 0.4497751124437781 0.0075 0.0074962518740629685
2 0.90625 0.4700149925037481 0.01 0.01199400299850075
1 0.968125 0.545727136431784 0.055 0.10494752623688156
2 0.585625 0.3028485757121439 0.00375 0.005997001499250375
2 0.735625 0.5374812593703149 0.01125 0.01649175412293853
2 0.75 0.6469265367316341 0.01125 0.013493253373313344