2 0.33375 0.6461769115442278 0.05375 0.06446776611694154
2 0.475 0.671664167916042 0.03375 0.034482758620689655
0 0.909375 0.6191904047976012 0.06125 0.05247376311844078
2 0.12375 0.8185907046476761 0.2075 0.08995502248875563
0 0.024375 0.5914542728635682 0.04875 0.09745127436281859
2 0.37875 0.4775112443778111 0.03625 0.037481259370314844
2 0.434375 0.2893553223388306 0.02875 0.025487256371814093
2 0.874375 0.4460269865067466 0.02125 0.0239880059970015
2 0.85375 0.3538230884557721 0.0225 0.025487256371814093
2 0.82 0.21139430284857572 0.01375 0.013493253373313344
2 0.806875 0.16041979010494753 0.01625 0.017991004497751123
0 0.77 0.029985007496251874 0.03375 0.0239880059970015
0 0.91875 0.04047976011994003 0.02625 0.02848575712143928
2 0.946875 0.10569715142428786 0.015 0.010494752623688156
2 0.955 0.12143928035982009 0.01375 0.0074962518740629685
2 0.995 0.18815592203898052 0.0075 0.013493253373313344
2 0.49375 0.10119940029985007 0.02625 0.019490254872563718
2 0.506875 0.05547226386806597 0.01375 0.013493253373313344
2 0.57625 0.03523238380809595 0.02125 0.01199400299850075
2 0.4625 0.038980509745127435 0.02625 0.01649175412293853
2 0.430625 0.08995502248875563 0.025 0.025487256371814093
2 0.42875 0.16491754122938532 0.0225 0.025487256371814093
2 0.58 0.16116941529235382 0.025 0.025487256371814093
2 0.594375 0.08470764617691154 0.02125 0.020989505247376312
2 0.404375 0.17841079460269865 0.01 0.010494752623688156
3 0.333125 0.1199400299850075 0.02 0.029985007496251874
3 0.335 0.1619190404797601 0.015 0.02848575712143928
3 0.335625 0.20164917541229385 0.015 0.02848575712143928
1 0.236875 0.2871064467766117 0.065 0.12893553223388307
2 0.195625 0.48575712143928035 0.0125 0.019490254872563718
0 0.32375 0.044977511244377814 0.02625 0.025487256371814093
2 0.355 0.8530734632683659 0.02125 0.017991004497751123
2 0.718125 0.856071964017991 0.02 0.020989505247376312
0 0.513125 0.025487256371814093 0.02625 0.020989505247376312
2 0.845625 0.09970014992503748 0.0775 0.08995502248875563
2 0.94375 0.49250374812593706 0.02125 0.0239880059970015
0 0.178125 0.5269865067466267 0.03 0.038980509745127435