2 0.521875 0.48500749625187406 0.0425 0.044977511244377814
3 0.44 0.679160419790105 0.0325 0.15592203898050974
3 0.5675 0.6604197901049476 0.05875 0.13493253373313344
2 0.84375 0.6979010494752623 0.0175 0.017991004497751123
2 0.405 0.16041979010494753 0.00875 0.008995502248875561
2 0.483125 0.18515742128935533 0.01 0.010494752623688156
2 0.481875 0.2136431784107946 0.01 0.0074962518740629685
1 0.48125 0.15667166416791603 0.045 0.15592203898050974
1 0.40875 0.12293853073463268 0.03875 0.10194902548725637
2 0.325625 0.2661169415292354 0.0125 0.008995502248875561
2 0.308125 0.3073463268365817 0.0125 0.010494752623688156
2 0.209375 0.3275862068965517 0.01375 0.01199400299850075
2 0.195 0.3523238380809595 0.0175 0.010494752623688156
0 0.194375 0.44227886056971516 0.02875 0.031484257871064465
0 0.249375 0.32008995502248877 0.02875 0.03298350824587706
2 0.17875 0.5172413793103449 0.01875 0.022488755622188907
2 0.540625 0.30359820089955025 0.03375 0.026986506746626688
2 0.55625 0.11169415292353824 0.02 0.010494752623688156
2 0.55875 0.06146926536731634 0.0125 0.0074962518740629685
2 0.699375 0.0074962518740629685 0.01 0.010494752623688156
1 0.76 0.22713643178410794 0.0525 0.0704647676161919
2 0.763125 0.2166416791604198 0.01375 0.008995502248875561
2 0.333125 0.8703148425787106 0.0175 0.0074962518740629685