0 0.46625 0.30434782608695654 0.02375 0.034482758620689655
0 0.381875 0.315592203898051 0.02375 0.031484257871064465
2 0.43125 0.3568215892053973 0.01 0.01199400299850075
0 0.445 0.3830584707646177 0.02375 0.031484257871064465
2 0.1225 0.7983508245877061 0.01 0.013493253373313344
2 0.084375 0.7871064467766117 0.0075 0.013493253373313344
3 0.745 0.699400299850075 0.01625 0.07796101949025487
3 0.78875 0.7203898050974513 0.01875 0.08245877061469266
3 0.513125 0.3410794602698651 0.01125 0.043478260869565216
3 0.703125 0.31634182908545727 0.02 0.04047976011994003
3 0.195625 0.4947526236881559 0.04 0.10194902548725637
2 0.201875 0.4910044977511244 0.02875 0.026986506746626688
3 0.153125 0.7811094452773614 0.0125 0.017991004497751123
3 0.071875 0.861319340329835 0.02375 0.05547226386806597
3 0.7425 0.7518740629685158 0.11 0.02848575712143928
3 0.496875 0.25862068965517243 0.0175 0.034482758620689655
3 0.506875 0.20539730134932535 0.015 0.031484257871064465
3 0.51625 0.15742128935532235 0.01125 0.02848575712143928
2 0.6425 0.8148425787106447 0.0275 0.02848575712143928
2 0.629375 0.9715142428785607 0.02625 0.031484257871064465
2 0.56125 0.444527736131934 0.05625 0.05997001499250375
2 0.53625 0.41004497751124436 0.005 0.005997001499250375
2 0.533125 0.39430284857571213 0.005 0.005997001499250375
2 0.521875 0.36806596701649175 0.01125 0.008995502248875561
3 0.343125 0.7481259370314842 0.03 0.013493253373313344
3 0.250625 0.7436281859070465 0.0275 0.022488755622188907
1 0.625625 0.4835082458770615 0.06875 0.13943028485757122
2 0.425625 0.31709145427286356 0.02 0.019490254872563718