2 0.1725 0.3065967016491754 0.02375 0.025487256371814093
3 0.4775 0.5869565217391305 0.0325 0.07496251874062969
3 0.523125 0.6176911544227887 0.11125 0.025487256371814093
1 0.700625 0.21889055472263869 0.13125 0.22338830584707647
0 0.680625 0.29760119940029983 0.03 0.025487256371814093
0 0.729375 0.22113943028485758 0.0375 0.025487256371814093
0 0.693125 0.13343328335832083 0.0325 0.03298350824587706
0 0.654375 0.2151424287856072 0.0275 0.020989505247376312
2 0.68375 0.17841079460269865 0.01625 0.019490254872563718
2 0.6875 0.2413793103448276 0.00875 0.014992503748125937
2 0.710625 0.20539730134932535 0.00875 0.014992503748125937
2 0.71375 0.2623688155922039 0.01375 0.022488755622188907
2 0.8325 0.2653673163418291 0.00875 0.01199400299850075
1 0.30625 0.08020989505247376 0.02625 0.07196401799100449
1 0.51875 0.0727136431784108 0.04875 0.12743628185907047
2 0.516875 0.09970014992503748 0.0075 0.008995502248875561
2 0.30625 0.0712143928035982 0.01 0.008995502248875561
2 0.510625 0.12368815592203898 0.00625 0.005997001499250375
2 0.625625 0.3583208395802099 0.00375 0.004497751124437781
2 0.559375 0.12743628185907047 0.0025 0.004497751124437781
3 0.541875 0.11394302848575712 0.015 0.031484257871064465
3 0.725 0.8350824587706147 0.0175 0.047976011994003
2 0.7025 0.7683658170914542 0.005 0.0074962518740629685
2 0.72875 0.7661169415292354 0.0075 0.008995502248875561
3 0.24125 0.507496251874063 0.02625 0.095952023988006
2 0.215 0.6596701649175413 0.01375 0.010494752623688156
2 0.59125 0.23163418290854573 0.00375 0.005997001499250375