0 0.170625 0.02470059880239521 0.025 0.03293413173652695
2 0.156875 0.10703592814371257 0.0125 0.016467065868263474
0 0.568125 0.20359281437125748 0.015 0.03143712574850299
2 0.56875 0.26047904191616766 0.01 0.011976047904191617
2 0.57375 0.344311377245509 0.01375 0.019461077844311378
2 0.585625 0.5673652694610778 0.015 0.020958083832335328
2 0.593125 0.717814371257485 0.01375 0.017964071856287425
2 0.495 0.09131736526946108 0.02375 0.023952095808383235
2 0.49625 0.15119760479041916 0.01875 0.020958083832335328
2 0.6425 0.16167664670658682 0.0175 0.017964071856287425
2 0.653125 0.1062874251497006 0.01875 0.019461077844311378
1 0.7625 0.4408682634730539 0.03 0.0718562874251497
0 0.34375 0.1317365269461078 0.0225 0.023952095808383235
0 0.818125 0.5726047904191617 0.0225 0.029940119760479042
2 0.8125 0.5351796407185628 0.01375 0.017964071856287425
2 0.568125 0.11676646706586827 0.09625 0.0748502994011976
2 0.14 0.49251497005988026 0.0125 0.020958083832335328