0 0.096875 0.05089820359281437 0.03 0.0344311377245509
2 0.098125 0.1339820359281437 0.015 0.017964071856287425
0 0.515625 0.1968562874251497 0.01875 0.03293413173652695
2 0.526875 0.2537425149700599 0.01125 0.011976047904191617
2 0.545625 0.33682634730538924 0.0175 0.020958083832335328
2 0.595 0.5606287425149701 0.01875 0.02245508982035928
2 0.628125 0.7110778443113772 0.0175 0.019461077844311378
2 0.425625 0.09056886227544911 0.02875 0.025449101796407185
2 0.4375 0.1504491017964072 0.0225 0.02245508982035928
2 0.581875 0.1504491017964072 0.02125 0.019461077844311378
2 0.583125 0.09281437125748503 0.0225 0.020958083832335328
1 0.74625 0.41916167664670656 0.035 0.0748502994011976
0 0.284375 0.1437125748502994 0.02625 0.025449101796407185
0 0.823125 0.5456586826347305 0.02625 0.03143712574850299
2 0.81125 0.5089820359281437 0.0175 0.019461077844311378
2 0.501875 0.11002994011976049 0.10875 0.07934131736526946
2 0.14625 0.5224550898203593 0.015 0.02245508982035928