2 0.48375 0.27136431784107945 0.01 0.010494752623688156
2 0.59375 0.2938530734632684 0.01125 0.013493253373313344
2 0.588125 0.3658170914542729 0.0125 0.01199400299850075
2 0.5675 0.5839580209895052 0.02125 0.019490254872563718
2 0.55375 0.7263868065967016 0.01625 0.019490254872563718
1 0.418125 0.20089955022488756 0.0325 0.0734632683658171
0 0.790625 0.20464767616191903 0.02125 0.026986506746626688
1 0.801875 0.2646176911544228 0.07375 0.05997001499250375
2 0.790625 0.2608695652173913 0.00875 0.01199400299850075
0 0.8175 0.5344827586206896 0.0225 0.0239880059970015
0 0.815 0.4122938530734633 0.02 0.022488755622188907
2 0.791875 0.5179910044977512 0.015 0.013493253373313344
2 0.789375 0.5434782608695652 0.01 0.013493253373313344
2 0.221875 0.9655172413793104 0.0775 0.05847076461769116
0 0.84375 0.10644677661169415 0.02875 0.03298350824587706
1 0.334375 0.7458770614692654 0.07375 0.08395802098950525
2 0.411875 0.22638680659670166 0.01 0.0074962518740629685
1 0.685 0.1634182908545727 0.05 0.10044977511244378
1 0.744375 0.17316341829085458 0.05375 0.09145427286356822