2 0.350625 0.664167916041979 0.0525 0.06446776611694154
2 0.49625 0.671664167916042 0.0325 0.034482758620689655
0 0.929375 0.5652173913043478 0.05875 0.05247376311844078
2 0.160625 0.8583208395802099 0.2 0.08995502248875563
0 0.0275 0.6506746626686657 0.055 0.095952023988006
2 0.374375 0.4955022488755622 0.035 0.037481259370314844
2 0.4075 0.30359820089955025 0.02875 0.025487256371814093
2 0.871875 0.3995502248875562 0.02 0.0239880059970015
2 0.839375 0.3118440779610195 0.02125 0.025487256371814093
2 0.786875 0.17766116941529236 0.01375 0.013493253373313344
2 0.7675 0.12968515742128936 0.01625 0.017991004497751123
0 0.714375 0.010494752623688156 0.03375 0.020989505247376312
0 0.865625 0.006746626686656672 0.02625 0.013493253373313344
2 0.901875 0.05847076461769116 0.015 0.010494752623688156
2 0.91125 0.0727136431784108 0.01375 0.0074962518740629685
2 0.964375 0.13268365817091454 0.01375 0.01199400299850075
2 0.993125 0.18140929535232383 0.01125 0.020989505247376312
2 0.4425 0.11094452773613193 0.025 0.019490254872563718
2 0.450625 0.06446776611694154 0.01375 0.013493253373313344
2 0.52 0.037481259370314844 0.02 0.01199400299850075
2 0.405 0.05547226386806597 0.025 0.01649175412293853
2 0.37875 0.10794602698650675 0.02375 0.025487256371814093
2 0.385625 0.18215892053973012 0.02125 0.025487256371814093
2 0.5375 0.16041979010494753 0.02375 0.025487256371814093
2 0.543125 0.08395802098950525 0.02 0.020989505247376312
2 0.3625 0.19865067466266867 0.01 0.010494752623688156
3 0.2825 0.15142428785607195 0.01875 0.029985007496251874
3 0.290625 0.1911544227886057 0.015 0.02848575712143928
3 0.2975 0.22938530734632684 0.015 0.02848575712143928
1 0.2075 0.32608695652173914 0.0625 0.12893553223388307
2 0.19125 0.5247376311844077 0.0125 0.019490254872563718
0 0.264375 0.07946026986506746 0.025 0.025487256371814093
2 0.398125 0.8628185907046477 0.02 0.017991004497751123
2 0.765 0.8200899550224887 0.01875 0.020989505247376312
0 0.454375 0.035982008995502246 0.025 0.020989505247376312
2 0.799375 0.06521739130434782 0.075 0.08995502248875563
2 0.94625 0.4370314842578711 0.02 0.0239880059970015
0 0.178125 0.5674662668665668 0.03 0.038980509745127435