2 0.21 0.31784107946026985 0.025 0.025487256371814093
3 0.46 0.5877061469265368 0.03375 0.07496251874062969
3 0.5 0.6176911544227887 0.11875 0.0239880059970015
1 0.7575 0.21139430284857572 0.1375 0.22038980509745126
0 0.72125 0.29235382308845576 0.0325 0.025487256371814093
0 0.78625 0.2143928035982009 0.04 0.025487256371814093
0 0.7675 0.12593703148425786 0.035 0.03298350824587706
0 0.7125 0.2098950524737631 0.03 0.020989505247376312
2 0.75 0.17091454272863568 0.0175 0.019490254872563718
2 0.74 0.23388305847076463 0.01 0.014992503748125937
2 0.77 0.19790104947526238 0.01 0.014992503748125937
2 0.7625 0.25487256371814093 0.01375 0.022488755622188907
2 0.8825 0.2518740629685157 0.01 0.01199400299850075
1 0.38875 0.08545727136431784 0.02625 0.07196401799100449
1 0.60375 0.0704647676161919 0.05125 0.12593703148425786
2 0.5975 0.09745127436281859 0.00875 0.008995502248875561
2 0.39125 0.07646176911544228 0.01125 0.008995502248875561
2 0.58625 0.12143928035982009 0.0075 0.005997001499250375
2 0.65375 0.3553223388305847 0.00375 0.004497751124437781
2 0.635 0.12443778110944528 0.0025 0.004497751124437781
3 0.61875 0.11244377811094453 0.015 0.031484257871064465
3 0.6575 0.8275862068965517 0.0175 0.047976011994003
2 0.64875 0.7631184407796102 0.00625 0.0074962518740629685
2 0.67625 0.7586206896551724 0.00875 0.008995502248875561
3 0.23875 0.5172413793103449 0.02625 0.095952023988006
2 0.1825 0.6686656671664168 0.01375 0.010494752623688156