0 0.126875 0.059880239520958084 0.03625 0.041916167664670656
2 0.12375 0.1474550898203593 0.015 0.017964071856287425
2 0.11875 0.2125748502994012 0.01625 0.017964071856287425
1 0.20125 0.6639221556886228 0.03375 0.05089820359281437
2 0.173125 0.6526946107784432 0.04625 0.1497005988023952
0 0.1825 0.49850299401197606 0.03125 0.02844311377245509
0 0.2025 0.5179640718562875 0.0275 0.023952095808383235
0 0.53375 0.1968562874251497 0.0175 0.03293413173652695
2 0.54125 0.2597305389221557 0.0125 0.01347305389221557
2 0.553125 0.3338323353293413 0.01625 0.020958083832335328
2 0.590625 0.5583832335329342 0.0175 0.02245508982035928
2 0.615625 0.7088323353293413 0.01625 0.019461077844311378
2 0.450625 0.09730538922155689 0.02625 0.025449101796407185
2 0.4575 0.15568862275449102 0.02125 0.02245508982035928
2 0.603125 0.1504491017964072 0.02 0.019461077844311378
2 0.609375 0.10029940119760479 0.02125 0.020958083832335328
2 0.165 0.22080838323353294 0.0425 0.12724550898203593
1 0.7525 0.41392215568862273 0.03375 0.0748502994011976
0 0.181875 0.3532934131736527 0.02375 0.02245508982035928
0 0.31125 0.15269461077844312 0.025 0.025449101796407185
0 0.82125 0.5449101796407185 0.025 0.03143712574850299
2 0.8125 0.5052395209580839 0.01625 0.019461077844311378
2 0.52625 0.11751497005988024 0.1025 0.08083832335329341
2 0.201875 0.6594311377245509 0.0125 0.011976047904191617
2 0.149375 0.5299401197604791 0.015 0.02245508982035928
3 0.68875 0.1751497005988024 0.02 0.025449101796407185
3 0.698125 0.14820359281437126 0.02 0.020958083832335328
3 0.70625 0.11452095808383234 0.0175 0.02844311377245509
0 0.725 0.17664670658682635 0.01375 0.023952095808383235