3 0.703125 0.4625748502994012 0.02625 0.0074850299401197605
3 0.625625 0.45808383233532934 0.0125 0.0074850299401197605
3 0.771875 0.468562874251497 0.015 0.005988023952095809
3 0.6025 0.43637724550898205 0.00875 0.016467065868263474
3 0.59125 0.35104790419161674 0.00625 0.011976047904191617
3 0.583125 0.28218562874251496 0.01 0.014970059880239521
3 0.56875 0.17440119760479042 0.0175 0.019461077844311378
3 0.451875 0.11377245508982035 0.02375 0.014970059880239521
3 0.363125 0.11077844311377245 0.0175 0.010479041916167664
2 0.175 0.1721556886227545 0.00625 0.005988023952095809
2 0.225625 0.17664670658682635 0.0075 0.0074850299401197605
2 0.2175 0.07335329341317365 0.0075 0.0074850299401197605
3 0.25625 0.1601796407185629 0.015 0.025449101796407185
2 0.221875 0.6422155688622755 0.0075 0.0074850299401197605
3 0.2275 0.5643712574850299 0.015 0.0718562874251497
3 0.28625 0.5029940119760479 0.0175 0.020958083832335328
3 0.319375 0.7949101796407185 0.0175 0.019461077844311378
3 0.30625 0.6646706586826348 0.0225 0.03293413173652695
3 0.26875 0.3278443113772455 0.02125 0.02694610778443114
2 0.19625 0.4026946107784431 0.01 0.010479041916167664
3 0.19125 0.23203592814371257 0.01375 0.04341317365269461
3 0.18125 0.06661676646706587 0.0175 0.0374251497005988
2 0.683125 0.27245508982035926 0.01875 0.020958083832335328
2 0.6675 0.1781437125748503 0.02 0.017964071856287425
3 0.7025 0.09056886227544911 0.055 0.059880239520958084
3 0.62125 0.0561377245508982 0.0325 0.038922155688622756