2 0.419375 0.27994011976047906 0.01 0.010479041916167664
2 0.535625 0.29191616766467066 0.0125 0.014970059880239521
2 0.549375 0.3615269461077844 0.01375 0.01347305389221557
2 0.590625 0.5726047904191617 0.02 0.019461077844311378
2 0.6175 0.7133233532934131 0.01625 0.019461077844311378
1 0.333125 0.21631736526946108 0.0325 0.0718562874251497
0 0.703125 0.17664670658682635 0.02 0.02694610778443114
2 0.753125 0.15568862275449102 0.015 0.014970059880239521
2 0.7725 0.20958083832335328 0.015 0.014970059880239521
1 0.73125 0.23278443113772454 0.07125 0.058383233532934134
2 0.71875 0.23353293413173654 0.0075 0.0074850299401197605
0 0.820625 0.49700598802395207 0.02125 0.023952095808383235
0 0.785 0.37799401197604793 0.01875 0.02245508982035928
2 0.7925 0.4842814371257485 0.01625 0.01347305389221557
2 0.79875 0.5097305389221557 0.01125 0.01347305389221557
2 0.759375 0.2866766467065868 0.0125 0.016467065868263474
2 0.730625 0.2874251497005988 0.01125 0.01347305389221557
2 0.724375 0.26497005988023953 0.0075 0.005988023952095809
2 0.3625 0.9775449101796407 0.06125 0.038922155688622756
0 0.725625 0.07335329341317365 0.02875 0.03143712574850299
1 0.41 0.7567365269461078 0.0725 0.08233532934131736
2 0.334375 0.24251497005988024 0.01 0.0074850299401197605
2 0.391875 0.21332335329341318 0.0075 0.0074850299401197605
1 0.58625 0.14820359281437126 0.05 0.09730538922155689
1 0.6475 0.1504491017964072 0.05375 0.08832335329341318
0 0.94625 0.7357784431137725 0.0475 0.038922155688622756