0 0.44125 0.3001497005988024 0.02625 0.0344311377245509
0 0.359375 0.3068862275449102 0.02625 0.03143712574850299
0 0.43 0.38248502994011974 0.02625 0.03143712574850299
2 0.148125 0.750748502994012 0.0125 0.016467065868263474
2 0.109375 0.7327844311377245 0.01 0.01347305389221557
3 0.765625 0.7305389221556886 0.0175 0.07934131736526946
3 0.811875 0.7552395209580839 0.02125 0.08233532934131736
3 0.495625 0.3405688622754491 0.01375 0.04341317365269461
3 0.68625 0.3413173652694611 0.02375 0.040419161676646706
3 0.178125 0.7365269461077845 0.01375 0.019461077844311378
3 0.10375 0.8061377245508982 0.02625 0.05538922155688623
3 0.76875 0.7829341317365269 0.1175 0.03143712574850299
2 0.67375 0.8345808383233533 0.03 0.02844311377245509
2 0.67125 0.9842814371257484 0.03 0.025449101796407185
3 0.366875 0.7267964071856288 0.0325 0.016467065868263474
3 0.2725 0.7103293413173652 0.03 0.02245508982035928
1 0.624375 0.49700598802395207 0.07625 0.1407185628742515