2 0.346875 0.6491754122938531 0.05 0.06146926536731634
2 0.489375 0.679160419790105 0.03125 0.03298350824587706
0 0.91375 0.6499250374812594 0.0575 0.049475262368815595
2 0.14625 0.800599700149925 0.19375 0.08545727136431784
0 0.033125 0.5757121439280359 0.06625 0.09295352323838081
2 0.381875 0.48575712143928035 0.03375 0.035982008995502246
2 0.42125 0.2908545727136432 0.0275 0.0239880059970015
0 0.73625 0.050974512743628186 0.03125 0.022488755622188907
0 0.886875 0.0704647676161919 0.025 0.026986506746626688
2 0.40125 0.09295352323838081 0.02375 0.0239880059970015
2 0.406875 0.1671664167916042 0.02125 0.0239880059970015
2 0.560625 0.17316341829085458 0.02375 0.0239880059970015
2 0.565 0.0952023988005997 0.02125 0.0239880059970015
2 0.3825 0.17916041979010494 0.00875 0.010494752623688156
3 0.30625 0.11544227886056972 0.01875 0.02848575712143928
3 0.311875 0.16266866566716642 0.01375 0.026986506746626688
3 0.315625 0.19865067466266867 0.01375 0.026986506746626688
1 0.220625 0.27211394302848574 0.06125 0.12293853073463268
2 0.196875 0.4767616191904048 0.01125 0.017991004497751123
0 0.2925 0.04047976011994003 0.025 0.0239880059970015
2 0.384375 0.8500749625187406 0.02 0.01649175412293853
2 0.743125 0.8710644677661169 0.01875 0.019490254872563718
2 0.940625 0.5224887556221889 0.02 0.022488755622188907
0 0.185 0.5187406296851574 0.02875 0.037481259370314844