0 0.456875 0.31259370314842577 0.025 0.035982008995502246
0 0.37375 0.3403298350824588 0.025 0.03298350824587706
0 0.438125 0.4002998500749625 0.025 0.03298350824587706
2 0.125 0.8455772113943029 0.01125 0.014992503748125937
2 0.0875 0.8380809595202399 0.0075 0.014992503748125937
3 0.749375 0.6649175412293853 0.01625 0.07946026986506746
3 0.79375 0.6799100449775113 0.01875 0.08245877061469266
3 0.508125 0.3403298350824588 0.0125 0.044977511244377814
3 0.699375 0.29160419790104947 0.02125 0.041979010494752625
3 0.15625 0.823088455772114 0.0125 0.017991004497751123
3 0.075625 0.9130434782608695 0.02375 0.05697151424287856
3 0.748125 0.717391304347826 0.11375 0.026986506746626688
2 0.649375 0.795352323838081 0.03 0.02848575712143928
2 0.6325 0.9512743628185907 0.02875 0.03298350824587706
3 0.3475 0.7661169415292354 0.0325 0.014992503748125937
3 0.25375 0.7728635682158921 0.02875 0.022488755622188907
1 0.625625 0.46551724137931033 0.07125 0.1424287856071964