0 0.45625 0.3118440779610195 0.025 0.034482758620689655
0 0.3725 0.3320839580209895 0.025 0.031484257871064465
2 0.424375 0.36656671664167917 0.0125 0.013493253373313344
0 0.439375 0.3905547226386807 0.025 0.031484257871064465
2 0.13375 0.8403298350824587 0.0125 0.014992503748125937
2 0.095625 0.8335832083958021 0.01 0.013493253373313344
3 0.755625 0.6679160419790104 0.0175 0.07646176911544228
3 0.800625 0.6821589205397302 0.02125 0.07946026986506746
3 0.505625 0.3403298350824588 0.01375 0.043478260869565216
3 0.695 0.2946026986506747 0.0225 0.04047976011994003
3 0.194375 0.5307346326836582 0.0425 0.10194902548725637
2 0.200625 0.525487256371814 0.03125 0.025487256371814093
3 0.165 0.8200899550224887 0.01375 0.017991004497751123
3 0.08625 0.9085457271364318 0.025 0.053973013493253376
3 0.75625 0.719640179910045 0.115 0.031484257871064465
3 0.485 0.2631184407796102 0.01875 0.034482758620689655
3 0.493125 0.20839580209895053 0.01625 0.031484257871064465
3 0.5 0.15892053973013492 0.0125 0.029985007496251874
2 0.6575 0.7938530734632684 0.03 0.026986506746626688
2 0.651875 0.9512743628185907 0.02875 0.031484257871064465
2 0.559375 0.43778110944527737 0.05875 0.05997001499250375
2 0.533125 0.4070464767616192 0.005 0.005997001499250375
2 0.5275 0.39205397301349326 0.005 0.005997001499250375
2 0.51625 0.36806596701649175 0.0125 0.010494752623688156
3 0.355 0.7638680659670165 0.0325 0.014992503748125937
3 0.26 0.7698650674662668 0.03 0.020989505247376312
1 0.62625 0.46776611694152925 0.075 0.136431784107946
2 0.415625 0.328335832083958 0.02125 0.017991004497751123