2 0.520625 0.48425787106446777 0.04 0.044977511244377814
3 0.455 0.6799100449775113 0.0325 0.15592203898050974
3 0.581875 0.658920539730135 0.05625 0.136431784107946
2 0.863125 0.6904047976011994 0.0175 0.019490254872563718
2 0.37375 0.16491754122938532 0.0075 0.008995502248875561
2 0.455 0.1866566716641679 0.00875 0.010494752623688156
2 0.45625 0.2151424287856072 0.00875 0.0074962518740629685
1 0.45 0.15817091454272864 0.045 0.15592203898050974
1 0.375625 0.12668665667166418 0.0375 0.10194902548725637
2 0.303125 0.27061469265367316 0.0125 0.008995502248875561
2 0.29 0.3118440779610195 0.0125 0.010494752623688156
2 0.193125 0.3343328335832084 0.01375 0.013493253373313344
2 0.181875 0.35907046476761617 0.01625 0.01199400299850075
0 0.188125 0.4482758620689655 0.02625 0.031484257871064465
0 0.233125 0.32608695652173914 0.02625 0.03298350824587706
2 0.17875 0.5239880059970015 0.0175 0.0239880059970015
2 0.52375 0.30359820089955025 0.03125 0.026986506746626688
2 0.521875 0.11169415292353824 0.01875 0.01199400299850075
2 0.520625 0.06146926536731634 0.0125 0.0074962518740629685
2 0.65625 0.005247376311844078 0.01 0.010494752623688156
1 0.73625 0.22263868065967016 0.04875 0.07196401799100449
2 0.739375 0.212143928035982 0.01375 0.010494752623688156
2 0.36625 0.8725637181409296 0.01625 0.008995502248875561