2 0.16375 0.3046407185628742 0.025 0.02694610778443114
2 0.4975 0.5808383233532934 0.02 0.017964071856287425
3 0.48375 0.5845808383233533 0.035 0.07784431137724551
3 0.531875 0.6182634730538922 0.11875 0.02694610778443114
1 0.679375 0.2245508982035928 0.14 0.22904191616766467
0 0.665625 0.3031437125748503 0.0325 0.02694610778443114
0 0.709375 0.2312874251497006 0.04 0.02694610778443114
0 0.66875 0.1467065868263473 0.035 0.03293413173652695
0 0.633125 0.21931137724550898 0.03 0.02245508982035928
2 0.66875 0.24850299401197604 0.01 0.016467065868263474
2 0.69375 0.27245508982035926 0.01375 0.023952095808383235
2 0.81375 0.2754491017964072 0.01 0.011976047904191617
1 0.275 0.07559880239520958 0.02875 0.0748502994011976
1 0.4875 0.07410179640718563 0.0525 0.13023952095808383
2 0.483125 0.10104790419161677 0.00875 0.008982035928143712
2 0.478125 0.125 0.00875 0.010479041916167664
2 0.614375 0.36377245508982037 0.01 0.010479041916167664
2 0.533125 0.1347305389221557 0.00375 0.005988023952095809
3 0.513125 0.11526946107784432 0.015 0.03143712574850299
3 0.74875 0.8383233532934131 0.01875 0.04940119760479042
2 0.725 0.7761976047904192 0.00875 0.01347305389221557
2 0.74875 0.7739520958083832 0.00875 0.008982035928143712
3 0.2425 0.500748502994012 0.02875 0.09730538922155689
2 0.2375 0.657185628742515 0.01375 0.010479041916167664