0 0.04625 0.6459580838323353 0.04625 0.04790419161676647
2 0.52 0.4842814371257485 0.0375 0.04491017964071856
3 0.46125 0.6624251497005988 0.02875 0.15419161676646706
3 0.5925 0.6676646706586826 0.05375 0.1347305389221557
2 0.875625 0.7260479041916168 0.015 0.017964071856287425
2 0.35125 0.14520958083832336 0.0075 0.008982035928143712
2 0.43125 0.17290419161676646 0.00625 0.0074850299401197605
2 0.435625 0.20434131736526945 0.0075 0.004491017964071856
1 0.42625 0.14221556886227546 0.04 0.15419161676646706
0 0.4225 0.07784431137724551 0.015 0.014970059880239521
1 0.345625 0.1092814371257485 0.03375 0.10029940119760479
1 0.283125 0.19161676646706588 0.06875 0.05239520958083832
2 0.285 0.24251497005988024 0.01125 0.008982035928143712
2 0.274375 0.28592814371257486 0.01125 0.010479041916167664
2 0.174375 0.2926646706586826 0.0125 0.008982035928143712
2 0.165 0.3181137724550898 0.015 0.010479041916167664
0 0.265 0.04940119760479042 0.0275 0.02245508982035928
0 0.1275 0.05389221556886228 0.02625 0.023952095808383235
2 0.141875 0.34880239520958084 0.01625 0.011976047904191617
2 0.110625 0.43637724550898205 0.01875 0.016467065868263474
0 0.18 0.40194610778443113 0.025 0.029940119760479042
0 0.215625 0.2904191616766467 0.025 0.03143712574850299
2 0.18 0.49176646706586824 0.015 0.02245508982035928
2 0.506875 0.2934131736526946 0.03 0.025449101796407185
2 0.495625 0.1062874251497006 0.01875 0.010479041916167664
2 0.4925 0.05688622754491018 0.01125 0.0074850299401197605
1 0.71875 0.2440119760479042 0.04625 0.07035928143712575
2 0.72125 0.2282934131736527 0.0125 0.008982035928143712
2 0.38375 0.8577844311377245 0.015 0.0074850299401197605