3 0.71125 0.4542728635682159 0.025 0.008995502248875561
3 0.635 0.4535232383808096 0.01125 0.0074962518740629685
3 0.779375 0.4572713643178411 0.01375 0.005997001499250375
3 0.616875 0.431784107946027 0.0075 0.017991004497751123
3 0.623125 0.34632683658170915 0.005 0.013493253373313344
3 0.62875 0.27811094452773616 0.00875 0.01649175412293853
3 0.638125 0.1686656671664168 0.015 0.020989505247376312
3 0.5325 0.11319340329835083 0.0225 0.017991004497751123
3 0.445 0.11544227886056972 0.015 0.01199400299850075
2 0.243125 0.18365817091454273 0.005 0.005997001499250375
2 0.293125 0.1866566716641679 0.00625 0.0074962518740629685
2 0.3075 0.08245877061469266 0.00625 0.0074962518740629685
3 0.3275 0.1686656671664168 0.015 0.026986506746626688
2 0.19125 0.6559220389805097 0.00625 0.0074962518740629685
3 0.211875 0.5772113943028486 0.015 0.07646176911544228
3 0.285 0.512743628185907 0.015 0.022488755622188907
3 0.25625 0.8058470764617691 0.015 0.020989505247376312
3 0.27 0.6761619190404797 0.0225 0.035982008995502246
3 0.30375 0.33808095952023987 0.02125 0.031484257871064465
2 0.215625 0.41529235382308843 0.00875 0.01199400299850075
3 0.246875 0.2436281859070465 0.01375 0.044977511244377814
3 0.27125 0.07796101949025487 0.01625 0.038980509745127435
2 0.73125 0.2623688155922039 0.01625 0.022488755622188907
2 0.735625 0.1679160419790105 0.01875 0.019490254872563718
3 0.789375 0.07721139430284858 0.05 0.06296851574212893
3 0.715625 0.0472263868065967 0.03125 0.041979010494752625