0 0.20125 0.06746626686656672 0.0325 0.038980509745127435
2 0.1825 0.15592203898050974 0.01375 0.01649175412293853
2 0.16625 0.22038980509745126 0.015 0.01649175412293853
1 0.1725 0.671664167916042 0.03125 0.047976011994003
2 0.15 0.6626686656671664 0.03875 0.1469265367316342
0 0.1825 0.5052473763118441 0.03 0.025487256371814093
0 0.19875 0.5262368815592204 0.02625 0.022488755622188907
0 0.585 0.19640179910044978 0.01625 0.031484257871064465
2 0.5825 0.2593703148425787 0.01 0.01199400299850075
2 0.58125 0.3328335832083958 0.015 0.019490254872563718
2 0.58125 0.5577211394302849 0.01625 0.020989505247376312
2 0.58125 0.7076461769115442 0.015 0.017991004497751123
2 0.51875 0.09745127436281859 0.025 0.0239880059970015
2 0.515 0.15592203898050974 0.02 0.020989505247376312
2 0.6625 0.14842578710644677 0.01875 0.017991004497751123
2 0.6775 0.095952023988006 0.02 0.019490254872563718
2 0.2125 0.22788605697151423 0.03625 0.12443778110944528
1 0.76625 0.40929535232383807 0.03 0.07196401799100449
0 0.20625 0.3613193403298351 0.0225 0.020989505247376312
0 0.37 0.15592203898050974 0.02375 0.0239880059970015
0 0.815 0.5397301349325337 0.02375 0.029985007496251874
2 0.81125 0.4992503748125937 0.015 0.017991004497751123
2 0.59125 0.11694152923538231 0.09875 0.07196401799100449
2 0.17375 0.6671664167916042 0.0125 0.010494752623688156
2 0.14375 0.5397301349325337 0.01375 0.020989505247376312
3 0.74375 0.17091454272863568 0.01875 0.0239880059970015
3 0.7575 0.14392803598200898 0.01875 0.019490254872563718
3 0.7725 0.10944527736131934 0.01625 0.026986506746626688
0 0.78 0.17091454272863568 0.0125 0.022488755622188907