0 0.040625 0.5914542728635682 0.05 0.050974512743628186
2 0.519375 0.48875562218890556 0.04125 0.046476761619190406
3 0.460625 0.6581709145427287 0.03375 0.15892053973013492
3 0.5925 0.676911544227886 0.05875 0.1409295352323838
2 0.88125 0.7616191904047976 0.0175 0.020989505247376312
2 0.350625 0.13193403298350825 0.00875 0.008995502248875561
2 0.433125 0.16941529235382308 0.00625 0.0074962518740629685
2 0.436875 0.20089955022488756 0.00875 0.004497751124437781
1 0.426875 0.13793103448275862 0.04625 0.15892053973013492
0 0.4225 0.0734632683658171 0.0175 0.017991004497751123
1 0.345625 0.0967016491754123 0.03875 0.10494752623688156
1 0.2825 0.17091454272863568 0.07375 0.05697151424287856
2 0.28375 0.22188905547226387 0.0125 0.008995502248875561
2 0.273125 0.2638680659670165 0.0125 0.010494752623688156
2 0.173125 0.2593703148425787 0.01375 0.010494752623688156
2 0.163125 0.2826086956521739 0.01625 0.01199400299850075
2 0.109375 0.39430284857571213 0.02 0.019490254872563718
0 0.179375 0.3733133433283358 0.0275 0.031484257871064465
0 0.214375 0.2616191904047976 0.0275 0.03298350824587706
2 0.178125 0.4580209895052474 0.0175 0.025487256371814093
1 0.720625 0.27136431784107945 0.05 0.07496251874062969
2 0.381875 0.8425787106446777 0.01625 0.008995502248875561
2 0.50875 0.29685157421289354 0.0325 0.026986506746626688