0 0.444375 0.31259370314842577 0.02375 0.034482758620689655
0 0.36125 0.3403298350824588 0.02375 0.031484257871064465
0 0.431875 0.4002998500749625 0.02375 0.031484257871064465
2 0.1475 0.8425787106446777 0.01 0.013493253373313344
2 0.108125 0.835832083958021 0.0075 0.013493253373313344
3 0.761875 0.6671664167916042 0.01625 0.07796101949025487
3 0.8075 0.6806596701649176 0.01875 0.08245877061469266
3 0.496875 0.3403298350824588 0.01125 0.043478260869565216
3 0.686875 0.29235382308845576 0.02 0.04047976011994003
3 0.176875 0.820839580209895 0.0125 0.017991004497751123
3 0.1025 0.9107946026986506 0.02375 0.05547226386806597
3 0.765625 0.7181409295352323 0.11 0.02848575712143928
2 0.67 0.7961019490254873 0.0275 0.02848575712143928
2 0.665625 0.952023988005997 0.02625 0.031484257871064465
3 0.365 0.7653673163418291 0.03 0.013493253373313344
3 0.27125 0.7713643178410795 0.0275 0.022488755622188907
1 0.62375 0.46776611694152925 0.06875 0.13943028485757122