2 0.76375 0.8562874251497006 0.05375 0.059880239520958084
2 0.355625 0.8076347305389222 0.015 0.016467065868263474
2 0.286875 0.6092814371257484 0.01125 0.011976047904191617
2 0.134375 0.280688622754491 0.01125 0.011976047904191617
1 0.1 0.41392215568862273 0.0575 0.041916167664670656
1 0.03875 0.5501497005988024 0.0575 0.1092814371257485
2 0.04125 0.5770958083832335 0.0175 0.016467065868263474
2 0.851875 0.22679640718562874 0.01125 0.010479041916167664
0 0.82125 0.16167664670658682 0.02 0.025449101796407185
1 0.829375 0.29790419161676646 0.07 0.08383233532934131
0 0.7925 0.2372754491017964 0.02125 0.020958083832335328
2 0.66625 0.32709580838323354 0.01125 0.010479041916167664
2 0.685625 0.38622754491017963 0.01125 0.011976047904191617
0 0.898125 0.39221556886227543 0.015 0.019461077844311378
0 0.8825 0.4124251497005988 0.02 0.019461077844311378
0 0.92125 0.5089820359281437 0.015 0.016467065868263474
0 0.939375 0.49101796407185627 0.02 0.023952095808383235
1 0.97625 0.6055389221556886 0.045 0.10329341317365269
2 0.748125 0.5666167664670658 0.01125 0.016467065868263474
2 0.78375 0.6788922155688623 0.01125 0.01347305389221557