3 0.71125 0.4752623688155922 0.025 0.008995502248875561
3 0.636875 0.46701649175412296 0.0125 0.0074962518740629685
3 0.78 0.48500749625187406 0.015 0.0074962518740629685
3 0.61875 0.44377811094452774 0.01 0.01649175412293853
3 0.63 0.3583208395802099 0.005 0.01199400299850075
3 0.639375 0.2893553223388306 0.01125 0.014992503748125937
3 0.654375 0.18140929535232383 0.0175 0.020989505247376312
3 0.553125 0.11469265367316342 0.02375 0.01649175412293853
3 0.464375 0.10794602698650675 0.01625 0.01199400299850075
2 0.260625 0.15667166416791603 0.005 0.005997001499250375
2 0.310625 0.164167916041979 0.00625 0.0074962518740629685
2 0.33 0.06146926536731634 0.00625 0.0074962518740629685
3 0.34625 0.14992503748125938 0.01625 0.026986506746626688
2 0.185625 0.6259370314842578 0.00625 0.0074962518740629685
3 0.21 0.5487256371814093 0.01625 0.0704647676161919
3 0.285 0.4917541229385307 0.0175 0.022488755622188907
3 0.2425 0.7833583208395802 0.0175 0.020989505247376312
3 0.263125 0.6529235382308846 0.0225 0.03298350824587706
3 0.31375 0.31709145427286356 0.02125 0.02848575712143928
2 0.221875 0.3868065967016492 0.01 0.010494752623688156
3 0.261875 0.21739130434782608 0.015 0.041979010494752625
3 0.294375 0.05322338830584707 0.0175 0.037481259370314844
2 0.741875 0.2856071964017991 0.01875 0.022488755622188907
2 0.75125 0.1911544227886057 0.02 0.019490254872563718
3 0.80875 0.10569715142428786 0.05375 0.05997001499250375
3 0.738125 0.06746626686656672 0.0325 0.038980509745127435