2 0.348125 0.6551724137931034 0.05 0.06146926536731634
2 0.49375 0.671664167916042 0.03 0.03298350824587706
0 0.926875 0.5937031484257871 0.05625 0.049475262368815595
2 0.1575 0.8373313343328336 0.195 0.07946026986506746
0 0.025625 0.6176911544227887 0.05125 0.09295352323838081
2 0.375 0.48575712143928035 0.0325 0.035982008995502246
2 0.409375 0.29610194902548725 0.02625 0.022488755622188907
2 0.871875 0.424287856071964 0.01875 0.020989505247376312
2 0.84 0.3350824587706147 0.02 0.022488755622188907
2 0.789375 0.19490254872563717 0.01375 0.01199400299850075
2 0.77 0.14767616191904048 0.015 0.014992503748125937
0 0.718125 0.020239880059970013 0.03 0.020989505247376312
0 0.869375 0.020989505247376312 0.02375 0.025487256371814093
2 0.905625 0.08320839580209895 0.015 0.008995502248875561
2 0.914375 0.09970014992503748 0.01375 0.005997001499250375
2 0.966875 0.16266866566716642 0.01375 0.010494752623688156
2 0.994375 0.2128935532233883 0.00875 0.017991004497751123
2 0.448125 0.10494752623688156 0.02375 0.01649175412293853
2 0.45625 0.05847076461769116 0.01375 0.01199400299850075
2 0.524375 0.035982008995502246 0.02 0.010494752623688156
2 0.409375 0.04572713643178411 0.025 0.013493253373313344
2 0.383125 0.09745127436281859 0.0225 0.022488755622188907
2 0.39 0.1724137931034483 0.02 0.022488755622188907
2 0.54125 0.16116941529235382 0.0225 0.022488755622188907
2 0.54625 0.08470764617691154 0.01875 0.017991004497751123
2 0.366875 0.1874062968515742 0.00875 0.010494752623688156
3 0.288125 0.13343328335832083 0.0175 0.026986506746626688
3 0.295 0.17541229385307347 0.01375 0.026986506746626688
3 0.300625 0.2143928035982009 0.01375 0.026986506746626688
1 0.210625 0.30434782608695654 0.0575 0.12443778110944528
2 0.19125 0.5029985007496252 0.01 0.017991004497751123
0 0.27 0.060719640179910044 0.02375 0.022488755622188907
2 0.39375 0.8575712143928036 0.01875 0.014992503748125937
2 0.76125 0.8395802098950524 0.0175 0.017991004497751123
0 0.459375 0.029985007496251874 0.02375 0.017991004497751123
2 0.803125 0.08395802098950525 0.07125 0.08395802098950525
2 0.94625 0.46776611694152925 0.01875 0.020989505247376312
0 0.178125 0.5464767616191905 0.0275 0.037481259370314844