2 0.343125 0.6506746626686657 0.0525 0.05997001499250375
2 0.4875 0.671664167916042 0.03125 0.031484257871064465
0 0.923125 0.6056971514242878 0.05875 0.047976011994003
2 0.14625 0.828335832083958 0.2025 0.07796101949025487
0 0.024375 0.6056971514242878 0.04875 0.08995502248875563
2 0.375 0.4827586206896552 0.03375 0.034482758620689655
2 0.416875 0.29310344827586204 0.0275 0.022488755622188907
2 0.874375 0.43478260869565216 0.01875 0.020989505247376312
2 0.84625 0.34407796101949023 0.02 0.022488755622188907
2 0.800625 0.20239880059970014 0.01375 0.01199400299850075
2 0.78375 0.15367316341829085 0.015 0.014992503748125937
0 0.735625 0.024737631184407798 0.03125 0.020989505247376312
0 0.886875 0.029985007496251874 0.025 0.025487256371814093
2 0.920625 0.0937031484257871 0.015 0.008995502248875561
2 0.929375 0.11019490254872563 0.01375 0.005997001499250375
2 0.979375 0.17466266866566715 0.01375 0.010494752623688156
2 0.461875 0.10344827586206896 0.025 0.01649175412293853
2 0.4725 0.05697151424287856 0.01375 0.01199400299850075
2 0.540625 0.035982008995502246 0.02 0.010494752623688156
2 0.426875 0.04272863568215892 0.02625 0.013493253373313344
2 0.398125 0.0944527736131934 0.02375 0.022488755622188907
2 0.40125 0.16941529235382308 0.02 0.022488755622188907
2 0.55375 0.16116941529235382 0.02375 0.022488755622188907
2 0.5625 0.08470764617691154 0.01875 0.017991004497751123
2 0.378125 0.18290854572713644 0.01 0.010494752623688156
3 0.301875 0.12743628185907047 0.0175 0.026986506746626688
3 0.30625 0.16941529235382308 0.01375 0.026986506746626688
3 0.311875 0.20839580209895053 0.01375 0.026986506746626688
1 0.218125 0.29685157421289354 0.06 0.12143928035982009
2 0.19125 0.4955022488755622 0.01125 0.017991004497751123
0 0.28625 0.05322338830584707 0.025 0.022488755622188907
2 0.38125 0.8545727136431784 0.01875 0.014992503748125937
2 0.7475 0.8470764617691154 0.0175 0.017991004497751123
0 0.476875 0.02848575712143928 0.025 0.017991004497751123
2 0.818125 0.09145427286356822 0.07375 0.08245877061469266
2 0.94625 0.47976011994003 0.01875 0.020989505247376312
0 0.176875 0.5374812593703149 0.02875 0.035982008995502246