3 0.701875 0.48800599700149927 0.025 0.008995502248875561
3 0.625625 0.4767616191904048 0.0125 0.008995502248875561
3 0.77375 0.5029985007496252 0.025 0.013493253373313344
3 0.60875 0.4512743628185907 0.01 0.017991004497751123
3 0.60875 0.36356821589205396 0.01375 0.020989505247376312
3 0.61 0.29610194902548725 0.01625 0.022488755622188907
3 0.60875 0.191904047976012 0.0175 0.022488755622188907
3 0.50125 0.11694152923538231 0.02375 0.017991004497751123
3 0.4125 0.10344827586206896 0.01625 0.01199400299850075
2 0.211875 0.1424287856071964 0.00625 0.0074962518740629685
2 0.269375 0.044977511244377814 0.015 0.013493253373313344
2 0.199375 0.6071964017991005 0.01 0.01199400299850075
3 0.216875 0.527736131934033 0.0175 0.07646176911544228
3 0.283125 0.4452773613193403 0.0175 0.0239880059970015
3 0.279375 0.7646176911544228 0.0175 0.022488755622188907
3 0.2825 0.6289355322338831 0.0225 0.034482758620689655
3 0.289375 0.3020989505247376 0.02125 0.029985007496251874
2 0.205 0.37031484257871067 0.0125 0.010494752623688156
3 0.21875 0.31859070464767614 0.0125 0.03298350824587706
3 0.22375 0.19865067466266867 0.01625 0.046476761619190406
3 0.233125 0.03673163418290855 0.01875 0.038980509745127435
2 0.263125 0.14917541229385306 0.0075 0.0074962518740629685