2 0.519375 0.487256371814093 0.04125 0.044977511244377814
3 0.46625 0.671664167916042 0.03375 0.15592203898050974
3 0.5925 0.6739130434782609 0.05875 0.136431784107946
2 0.8775 0.7556221889055472 0.0175 0.019490254872563718
2 0.353125 0.1409295352323838 0.00875 0.008995502248875561
2 0.435 0.17766116941529236 0.01 0.010494752623688156
2 0.4375 0.20614692653673164 0.01 0.0074962518740629685
1 0.42875 0.14842578710644677 0.04625 0.15592203898050974
1 0.351875 0.10344827586206896 0.03875 0.10194902548725637
2 0.28875 0.2353823088455772 0.0125 0.008995502248875561
2 0.276875 0.27361319340329837 0.0125 0.010494752623688156
2 0.18 0.27961019490254874 0.01375 0.013493253373313344
2 0.170625 0.30134932533733133 0.01625 0.01199400299850075
0 0.1825 0.39280359820089955 0.0275 0.031484257871064465
0 0.22 0.2773613193403298 0.0275 0.03298350824587706
2 0.178125 0.46551724137931033 0.0175 0.0239880059970015
2 0.5125 0.3073463268365817 0.0325 0.026986506746626688
2 0.498125 0.11544227886056972 0.01875 0.01199400299850075
2 0.494375 0.06446776611694154 0.0125 0.0074962518740629685
2 0.626875 0.03073463268365817 0.01 0.010494752623688156
1 0.720625 0.2638680659670165 0.05 0.07196401799100449
2 0.7225 0.25337331334332835 0.01375 0.010494752623688156
2 0.386875 0.848575712143928 0.01625 0.008995502248875561