2 0.3525 0.6656671664167916 0.0475 0.06146926536731634
2 0.4975 0.679160419790105 0.03 0.03298350824587706
0 0.92 0.6011994002998501 0.055 0.049475262368815595
2 0.15875 0.8395802098950524 0.19 0.07796101949025487
0 0.03375 0.6281859070464768 0.06375 0.09295352323838081
2 0.38125 0.4992503748125937 0.0325 0.035982008995502246
2 0.4125 0.30134932533733133 0.02625 0.0239880059970015
0 0.7175 0.026986506746626688 0.03 0.022488755622188907
0 0.8675 0.029985007496251874 0.02375 0.026986506746626688
2 0.38375 0.10794602698650675 0.0225 0.0239880059970015
2 0.3925 0.17991004497751126 0.02 0.0239880059970015
2 0.54625 0.16941529235382308 0.0225 0.0239880059970015
2 0.5475 0.09145427286356822 0.02 0.0239880059970015
2 0.3675 0.19490254872563717 0.00875 0.010494752623688156
3 0.29 0.1409295352323838 0.01625 0.02848575712143928
3 0.2975 0.1874062968515742 0.0125 0.02848575712143928
3 0.3025 0.22188905547226387 0.0125 0.02848575712143928
1 0.21 0.3073463268365817 0.05625 0.12593703148425786
2 0.195 0.512743628185907 0.01 0.019490254872563718
0 0.27125 0.06896551724137931 0.02375 0.0239880059970015
2 0.39875 0.8605697151424287 0.01875 0.01649175412293853
2 0.75875 0.8395802098950524 0.01625 0.019490254872563718
2 0.9425 0.4707646176911544 0.01875 0.022488755622188907
0 0.18625 0.5547226386806596 0.0275 0.037481259370314844