0 0.23125 0.053973013493253376 0.035 0.041979010494752625
2 0.2075 0.1424287856071964 0.015 0.017991004497751123
2 0.1875 0.20764617691154422 0.01625 0.017991004497751123
1 0.165 0.6604197901049476 0.035 0.049475262368815595
2 0.143125 0.651424287856072 0.04625 0.15292353823088456
0 0.184375 0.49400299850074963 0.0325 0.026986506746626688
0 0.2 0.5149925037481259 0.02875 0.0239880059970015
0 0.604375 0.19790104947526238 0.0175 0.034482758620689655
2 0.59625 0.2608695652173913 0.01125 0.013493253373313344
2 0.590625 0.335832083958021 0.01625 0.020989505247376312
2 0.576875 0.5614692653673163 0.0175 0.022488755622188907
2 0.566875 0.7113943028485757 0.01625 0.019490254872563718
2 0.54375 0.095952023988006 0.02625 0.025487256371814093
2 0.53625 0.15442278860569716 0.02125 0.022488755622188907
2 0.68375 0.15367316341829085 0.02 0.019490254872563718
2 0.700625 0.10194902548725637 0.02125 0.020989505247376312
2 0.231875 0.2151424287856072 0.04125 0.12893553223388307
1 0.770625 0.41829085457271364 0.03375 0.07646176911544228
0 0.216875 0.35007496251874065 0.02375 0.022488755622188907
0 0.391875 0.14992503748125938 0.025 0.025487256371814093
0 0.809375 0.5502248875562219 0.025 0.03298350824587706
2 0.80875 0.5097451274362819 0.01625 0.019490254872563718
2 0.61375 0.1176911544227886 0.10375 0.08095952023988005
2 0.16625 0.6559220389805097 0.0125 0.01199400299850075
2 0.144375 0.5262368815592204 0.015 0.022488755622188907
3 0.7625 0.17841079460269865 0.02 0.025487256371814093
3 0.776875 0.15067466266866567 0.02 0.020989505247376312
3 0.79375 0.1184407796101949 0.0175 0.02848575712143928
0 0.798125 0.17916041979010494 0.01375 0.022488755622188907