0 0.451875 0.30389221556886226 0.025 0.03293413173652695
0 0.368125 0.312125748502994 0.025 0.029940119760479042
2 0.421875 0.3532934131736527 0.01 0.011976047904191617
0 0.435625 0.3809880239520958 0.025 0.029940119760479042
2 0.1425 0.7859281437125748 0.01 0.01347305389221557
2 0.103125 0.7717065868263473 0.0075 0.01347305389221557
3 0.759375 0.7065868263473054 0.015 0.07335329341317365
3 0.805 0.7282934131736527 0.01875 0.07634730538922156
3 0.501875 0.3398203592814371 0.01125 0.041916167664670656
3 0.69 0.3226047904191617 0.02125 0.038922155688622756
3 0.195 0.4842814371257485 0.03875 0.09730538922155689
2 0.200625 0.47979041916167664 0.03 0.025449101796407185
3 0.171875 0.7687125748502994 0.01125 0.016467065868263474
3 0.095625 0.8465568862275449 0.02375 0.05239520958083832
3 0.76125 0.7589820359281437 0.11 0.025449101796407185
3 0.479375 0.25823353293413176 0.01875 0.03143712574850299
3 0.48625 0.20508982035928144 0.015 0.02844311377245509
3 0.4925 0.15718562874251496 0.01125 0.02694610778443114
2 0.664375 0.8181137724550899 0.02875 0.02694610778443114
2 0.6625 0.9745508982035929 0.0275 0.029940119760479042
2 0.556875 0.4453592814371258 0.05625 0.05538922155688623
2 0.53 0.4101796407185629 0.005 0.005988023952095809
2 0.525625 0.39520958083832336 0.005 0.005988023952095809
2 0.5125 0.3690119760479042 0.01125 0.008982035928143712
3 0.360625 0.7425149700598802 0.03125 0.01347305389221557
3 0.266875 0.7342814371257484 0.0275 0.020958083832335328
1 0.625625 0.48577844311377244 0.06875 0.1317365269461078
2 0.411875 0.31362275449101795 0.02 0.017964071856287425