2 0.74125 0.8532934131736527 0.0525 0.05688622754491018
2 0.334375 0.8106287425149701 0.015 0.014970059880239521
2 0.276875 0.6122754491017964 0.01125 0.011976047904191617
2 0.146875 0.2851796407185629 0.01125 0.011976047904191617
1 0.10375 0.4184131736526946 0.05625 0.040419161676646706
1 0.031875 0.5561377245508982 0.05625 0.10329341317365269
2 0.0325 0.5830838323353293 0.01625 0.014970059880239521
2 0.871875 0.22230538922155688 0.01125 0.010479041916167664
0 0.84625 0.15718562874251496 0.01875 0.023952095808383235
1 0.845625 0.2934131736526946 0.06875 0.07934131736526946
0 0.81125 0.23278443113772454 0.02 0.019461077844311378
2 0.67875 0.3241017964071856 0.01125 0.010479041916167664
2 0.695625 0.3847305389221557 0.01125 0.011976047904191617
0 0.908125 0.38772455089820357 0.015 0.017964071856287425
0 0.89 0.40793413173652693 0.01875 0.017964071856287425
0 0.9225 0.5044910179640718 0.015 0.014970059880239521
0 0.9425 0.48502994011976047 0.01875 0.02245508982035928
1 0.974375 0.6002994011976048 0.04875 0.09880239520958084
2 0.745625 0.563622754491018 0.01125 0.014970059880239521
2 0.77375 0.6758982035928144 0.01125 0.01347305389221557