2 0.71125 0.8260869565217391 0.04625 0.05997001499250375
2 0.31875 0.8245877061469266 0.01375 0.01649175412293853
2 0.27125 0.6371814092953523 0.015 0.019490254872563718
2 0.1775 0.25037481259370314 0.005 0.005997001499250375
1 0.11 0.4587706146926537 0.05125 0.041979010494752625
1 0.03125 0.6131934032983508 0.04375 0.10944527736131934
2 0.02625 0.631184407796102 0.015 0.01649175412293853
2 0.265 0.7871064467766117 0.01 0.013493253373313344
1 0.32875 0.7526236881559221 0.065 0.11544227886056972
0 0.2825 0.5307346326836582 0.02375 0.019490254872563718
0 0.285 0.4542728635682159 0.0225 0.020989505247376312
0 0.2675 0.40929535232383807 0.01875 0.0239880059970015
1 0.33 0.1724137931034483 0.045 0.08695652173913043
2 0.3225 0.1469265367316342 0.00625 0.005997001499250375
2 0.9075 0.23388305847076463 0.00875 0.008995502248875561
2 0.89125 0.1874062968515742 0.01 0.01199400299850075
0 0.8725 0.1199400299850075 0.0175 0.025487256371814093
1 0.86125 0.25787106446776614 0.06125 0.08395802098950525
0 0.82875 0.20239880059970014 0.01875 0.020989505247376312
2 0.68875 0.30884557721139433 0.01 0.01199400299850075
2 0.7025 0.36731634182908546 0.01 0.013493253373313344
0 0.91625 0.34632683658170915 0.01375 0.019490254872563718
0 0.8975 0.36881559220389803 0.0175 0.019490254872563718
0 0.9225 0.4617691154422789 0.01375 0.01649175412293853
0 0.94375 0.4407796101949025 0.0175 0.0239880059970015
2 0.8975 0.45577211394302847 0.0075 0.0074962518740629685
2 0.905 0.4752623688155922 0.00875 0.013493253373313344
1 0.97125 0.553223388305847 0.05 0.10344827586206896
2 0.5775 0.30434782608695654 0.00375 0.005997001499250375
2 0.7375 0.5412293853073463 0.01 0.01649175412293853
2 0.7575 0.6506746626686657 0.01 0.014992503748125937