2 0.473125 0.27511244377811095 0.01 0.010494752623688156
2 0.584375 0.2893553223388306 0.01125 0.013493253373313344
2 0.581875 0.3613193403298351 0.0125 0.01199400299850075
2 0.5725 0.5772113943028486 0.01875 0.019490254872563718
2 0.564375 0.719640179910045 0.015 0.019490254872563718
1 0.403125 0.20839580209895053 0.03 0.07496251874062969
0 0.776875 0.18815592203898052 0.01875 0.026986506746626688
1 0.7925 0.24512743628185907 0.07125 0.05847076461769116
2 0.78 0.2436281859070465 0.00875 0.01199400299850075
0 0.820625 0.5134932533733133 0.02 0.0239880059970015
0 0.8125 0.38980509745127434 0.0175 0.022488755622188907
2 0.79375 0.49775112443778113 0.015 0.01199400299850075
2 0.793125 0.5217391304347826 0.01 0.013493253373313344
2 0.243125 0.9752623688155923 0.07625 0.046476761619190406
0 0.826875 0.08695652173913043 0.0275 0.031484257871064465
1 0.34625 0.7556221889055472 0.07 0.08395802098950525
2 0.3975 0.2353823088455772 0.01 0.0074962518740629685
1 0.66875 0.15442278860569716 0.04625 0.10044977511244378
1 0.72875 0.15967016491754124 0.05 0.09145427286356822