2 0.6825 0.8440779610194903 0.05125 0.05997001499250375
2 0.283125 0.8223388305847077 0.015 0.01649175412293853
2 0.258125 0.6251874062968515 0.01125 0.01199400299850075
2 0.183125 0.30359820089955025 0.01125 0.01199400299850075
1 0.1175 0.44002998500749624 0.055 0.041979010494752625
1 0.025625 0.5832083958020989 0.05125 0.11094452773613193
2 0.01875 0.6094452773613194 0.01625 0.01649175412293853
2 0.918125 0.20164917541229385 0.01125 0.010494752623688156
0 0.9025 0.13793103448275862 0.01875 0.025487256371814093
1 0.879375 0.27436281859070466 0.0675 0.08395802098950525
0 0.85625 0.2151424287856072 0.02 0.020989505247376312
2 0.7075 0.3140929535232384 0.01125 0.010494752623688156
2 0.714375 0.3748125937031484 0.01125 0.01199400299850075
0 0.926875 0.3658170914542729 0.015 0.019490254872563718
0 0.905 0.3875562218890555 0.01875 0.019490254872563718
0 0.9225 0.4827586206896552 0.015 0.01649175412293853
0 0.945 0.4617691154422789 0.01875 0.0239880059970015
1 0.9625 0.5749625187406296 0.055 0.10194902548725637
2 0.734375 0.5509745127436282 0.01125 0.01649175412293853
2 0.745 0.6634182908545727 0.01125 0.013493253373313344