2 0.173125 0.30538922155688625 0.025 0.02844311377245509
3 0.4775 0.5853293413173652 0.03375 0.07934131736526946
3 0.521875 0.6175149700598802 0.11 0.029940119760479042
1 0.701875 0.22005988023952097 0.1325 0.23053892215568864
0 0.68125 0.2986526946107784 0.03125 0.02844311377245509
0 0.730625 0.22305389221556887 0.0375 0.02844311377245509
0 0.695625 0.13323353293413173 0.03375 0.0344311377245509
0 0.655625 0.2155688622754491 0.0275 0.023952095808383235
2 0.685625 0.17889221556886228 0.015 0.020958083832335328
2 0.68875 0.24176646706586827 0.00875 0.016467065868263474
2 0.71125 0.2058383233532934 0.00875 0.016467065868263474
2 0.715625 0.26272455089820357 0.01375 0.023952095808383235
2 0.834375 0.26721556886227543 0.00875 0.011976047904191617
1 0.308125 0.07934131736526946 0.0275 0.07634730538922156
1 0.52 0.0718562874251497 0.05 0.13023952095808383
2 0.518125 0.09880239520958084 0.0075 0.008982035928143712
2 0.30875 0.06961077844311377 0.01 0.008982035928143712
2 0.5125 0.12275449101796407 0.00625 0.005988023952095809
2 0.625625 0.36002994011976047 0.00375 0.004491017964071856
2 0.561875 0.1279940119760479 0.0025 0.004491017964071856
3 0.5425 0.11377245508982035 0.015 0.03143712574850299
3 0.723125 0.8338323353293413 0.01625 0.04940119760479042
2 0.70125 0.7694610778443114 0.005 0.0074850299401197605
2 0.7275 0.7664670658682635 0.0075 0.008982035928143712
3 0.241875 0.5067365269461078 0.0275 0.09880239520958084
2 0.215 0.657185628742515 0.0125 0.010479041916167664
2 0.591875 0.23203592814371257 0.00375 0.005988023952095809