3 0.709375 0.45577211394302847 0.02375 0.0074962518740629685
3 0.634375 0.4542728635682159 0.01125 0.0074962518740629685
3 0.778125 0.4587706146926537 0.01375 0.005997001499250375
3 0.614375 0.4325337331334333 0.0075 0.017991004497751123
3 0.618125 0.34707646176911544 0.005 0.01199400299850075
3 0.621875 0.27811094452773616 0.00875 0.01649175412293853
3 0.6275 0.1701649175412294 0.015 0.020989505247376312
3 0.520625 0.11394302848575712 0.02125 0.01649175412293853
3 0.431875 0.11544227886056972 0.015 0.010494752623688156
2 0.2325 0.18290854572713644 0.005 0.005997001499250375
2 0.2825 0.18590704647676162 0.00625 0.0074962518740629685
2 0.2925 0.08245877061469266 0.00625 0.0074962518740629685
3 0.31625 0.1686656671664168 0.01375 0.026986506746626688
2 0.195625 0.6551724137931034 0.00625 0.0074962518740629685
3 0.214375 0.5757121439280359 0.01375 0.07496251874062969
3 0.285 0.512743628185907 0.015 0.022488755622188907
3 0.266875 0.8050974512743628 0.015 0.020989505247376312
3 0.27625 0.6746626686656672 0.02 0.03298350824587706
3 0.29875 0.335832083958021 0.01875 0.02848575712143928
2 0.21125 0.41379310344827586 0.00875 0.010494752623688156
3 0.2375 0.24287856071964017 0.0125 0.043478260869565216
3 0.25625 0.07721139430284858 0.015 0.037481259370314844
2 0.723125 0.2638680659670165 0.01625 0.022488755622188907
2 0.725625 0.16941529235382308 0.0175 0.019490254872563718
3 0.77625 0.07871064467766117 0.05 0.06146926536731634
3 0.70125 0.04872563718140929 0.02875 0.038980509745127435