2 0.19375 0.3403298350824588 0.0225 0.026986506746626688
2 0.485 0.5832083958020989 0.0175 0.017991004497751123
3 0.47 0.5892053973013494 0.03 0.07946026986506746
3 0.5125 0.616191904047976 0.1075 0.025487256371814093
1 0.72625 0.19940029985007496 0.12375 0.23088455772113944
0 0.69875 0.2818590704647676 0.02875 0.026986506746626688
0 0.755 0.20389805097451275 0.03625 0.026986506746626688
0 0.7275 0.12143928035982009 0.03125 0.034482758620689655
0 0.68 0.20089955022488756 0.02625 0.022488755622188907
2 0.71125 0.22638680659670166 0.00875 0.01649175412293853
2 0.7325 0.24737631184407796 0.0125 0.0239880059970015
2 0.8525 0.2368815592203898 0.00875 0.013493253373313344
1 0.3425 0.0944527736131934 0.02375 0.07646176911544228
1 0.55625 0.06746626686656672 0.04625 0.13343328335832083
2 0.54875 0.09745127436281859 0.0075 0.008995502248875561
2 0.54 0.12143928035982009 0.0075 0.01199400299850075
2 0.6375 0.3493253373313343 0.00875 0.01199400299850075
2 0.5925 0.12443778110944528 0.00375 0.005997001499250375
3 0.57625 0.10794602698650675 0.01375 0.03298350824587706
3 0.695 0.8170914542728636 0.015 0.049475262368815595
2 0.68125 0.7556221889055472 0.0075 0.014992503748125937
2 0.70625 0.7511244377811095 0.0075 0.008995502248875561
3 0.24 0.5307346326836582 0.02375 0.10044977511244378
2 0.21 0.6896551724137931 0.0125 0.01199400299850075