2 0.449375 0.2766116941529235 0.00875 0.010494752623688156
2 0.563125 0.29535232383808097 0.01 0.013493253373313344
2 0.568125 0.3658170914542729 0.01125 0.01199400299850075
2 0.58125 0.5787106446776612 0.0175 0.017991004497751123
2 0.588125 0.7203898050974513 0.01375 0.017991004497751123
1 0.371875 0.20839580209895053 0.0275 0.0704647676161919
0 0.746875 0.1911544227886057 0.0175 0.025487256371814093
2 0.79875 0.17391304347826086 0.0125 0.013493253373313344
2 0.81125 0.22863568215892055 0.0125 0.013493253373313344
1 0.7675 0.24962518740629686 0.06625 0.05547226386806597
2 0.755 0.24962518740629686 0.0075 0.0074962518740629685
0 0.82 0.5179910044977512 0.01875 0.022488755622188907
0 0.80125 0.39730134932533734 0.01625 0.020989505247376312
2 0.79375 0.5037481259370314 0.01375 0.01199400299850075
2 0.796875 0.5292353823088456 0.00875 0.013493253373313344
2 0.78875 0.30434782608695654 0.01 0.014992503748125937
2 0.759375 0.30359820089955025 0.00875 0.013493253373313344
2 0.755625 0.2811094452773613 0.0075 0.005997001499250375
2 0.296875 0.974512743628186 0.0575 0.047976011994003
0 0.783125 0.08995502248875563 0.025 0.029985007496251874
1 0.375 0.7503748125937032 0.065 0.07946026986506746
2 0.37 0.23388305847076463 0.00875 0.0074962518740629685
2 0.430625 0.20839580209895053 0.0075 0.0074962518740629685
1 0.63375 0.15592203898050974 0.04375 0.095952023988006
1 0.695 0.16266866566716642 0.0475 0.08695652173913043
0 0.9125 0.7631184407796102 0.0425 0.037481259370314844