0 0.174375 0.08695652173913043 0.03625 0.041979010494752625
2 0.16125 0.17616191904047976 0.015 0.01649175412293853
2 0.14875 0.24287856071964017 0.01625 0.01649175412293853
1 0.18125 0.6889055472263869 0.03375 0.049475262368815595
2 0.153125 0.6806596701649176 0.04625 0.1469265367316342
0 0.18 0.5247376311844077 0.03125 0.026986506746626688
0 0.1975 0.5427286356821589 0.0275 0.022488755622188907
0 0.56875 0.1926536731634183 0.0175 0.03298350824587706
2 0.56875 0.2556221889055472 0.0125 0.013493253373313344
2 0.571875 0.32983508245877063 0.01625 0.019490254872563718
2 0.585625 0.5517241379310345 0.0175 0.020989505247376312
2 0.593125 0.7008995502248876 0.01625 0.017991004497751123
2 0.495625 0.09895052473763119 0.02625 0.0239880059970015
2 0.495 0.15742128935532235 0.02125 0.020989505247376312
2 0.643125 0.14167916041979012 0.02 0.017991004497751123
2 0.654375 0.08995502248875563 0.02125 0.019490254872563718
2 0.195 0.24662668665667167 0.0425 0.12443778110944528
1 0.7625 0.39355322338830584 0.03375 0.07196401799100449
0 0.196875 0.3793103448275862 0.02375 0.020989505247376312
0 0.34875 0.1664167916041979 0.025 0.0239880059970015
0 0.81875 0.52023988005997 0.025 0.031484257871064465
2 0.8125 0.48050974512743627 0.01625 0.017991004497751123
2 0.56875 0.11319340329835083 0.1025 0.07796101949025487
2 0.181875 0.684407796101949 0.0125 0.01199400299850075
2 0.144375 0.5592203898050975 0.015 0.020989505247376312
3 0.72625 0.15892053973013492 0.02 0.0239880059970015
3 0.738125 0.13043478260869565 0.02 0.019490254872563718
3 0.75125 0.0967016491754123 0.0175 0.026986506746626688
0 0.7625 0.15742128935532235 0.01375 0.022488755622188907