3 0.710625 0.46026986506746626 0.025 0.0074962518740629685
3 0.635625 0.4587706146926537 0.0125 0.0074962518740629685
3 0.779375 0.4662668665667166 0.015 0.005997001499250375
3 0.616875 0.43553223388305845 0.0075 0.01649175412293853
3 0.624375 0.35007496251874065 0.005 0.01199400299850075
3 0.630625 0.2811094452773613 0.00875 0.014992503748125937
3 0.63875 0.17316341829085458 0.01625 0.019490254872563718
3 0.534375 0.11394302848575712 0.0225 0.014992503748125937
3 0.445625 0.11244377811094453 0.01625 0.010494752623688156
2 0.245 0.17541229385307347 0.005 0.005997001499250375
2 0.29375 0.17991004497751126 0.00625 0.0074962518740629685
2 0.30875 0.07646176911544228 0.00625 0.0074962518740629685
3 0.32875 0.16266866566716642 0.015 0.025487256371814093
2 0.190625 0.6461769115442278 0.00625 0.0074962518740629685
3 0.211875 0.568215892053973 0.015 0.07196401799100449
3 0.285 0.5067466266866567 0.01625 0.020989505247376312
3 0.255625 0.7991004497751124 0.01625 0.019490254872563718
3 0.27 0.6686656671664168 0.02125 0.03298350824587706
3 0.305 0.3313343328335832 0.02 0.026986506746626688
2 0.215 0.4062968515742129 0.00875 0.010494752623688156
3 0.2475 0.2353823088455772 0.01375 0.043478260869565216
3 0.2725 0.06971514242878561 0.01625 0.037481259370314844
2 0.731875 0.2698650674662669 0.0175 0.020989505247376312
2 0.736875 0.17541229385307347 0.01875 0.017991004497751123
3 0.79125 0.08620689655172414 0.05125 0.05997001499250375
3 0.7175 0.05472263868065967 0.03 0.038980509745127435