3 0.698125 0.47005988023952094 0.02625 0.0074850299401197605
3 0.623125 0.46407185628742514 0.0125 0.0074850299401197605
3 0.770625 0.47754491017964074 0.025 0.011976047904191617
3 0.603125 0.4408682634730539 0.00875 0.016467065868263474
3 0.59625 0.35254491017964074 0.0125 0.017964071856287425
3 0.591875 0.2851796407185629 0.015 0.019461077844311378
3 0.5825 0.17889221556886228 0.01625 0.019461077844311378
3 0.470625 0.11377245508982035 0.02375 0.014970059880239521
3 0.380625 0.1092814371257485 0.01625 0.010479041916167664
2 0.18625 0.16467065868263472 0.0075 0.0074850299401197605
2 0.235 0.06287425149700598 0.01375 0.011976047904191617
2 0.213125 0.6347305389221557 0.00875 0.011976047904191617
3 0.221875 0.5523952095808383 0.015 0.0718562874251497
3 0.281875 0.46407185628742514 0.01625 0.020958083832335328
3 0.304375 0.7859281437125748 0.01625 0.019461077844311378
3 0.29625 0.6482035928143712 0.0225 0.03293413173652695
3 0.275 0.3188622754491018 0.02125 0.02694610778443114
2 0.1975 0.39520958083832336 0.0125 0.008982035928143712
3 0.208125 0.34281437125748504 0.01125 0.03143712574850299
3 0.2025 0.22005988023952097 0.01375 0.04341317365269461
3 0.19875 0.05763473053892216 0.01625 0.0374251497005988
2 0.2375 0.1691616766467066 0.00875 0.0074850299401197605