2 0.6925 0.8425787106446777 0.04875 0.05547226386806597
2 0.30125 0.8095952023988006 0.015 0.014992503748125937
2 0.265 0.6191904047976012 0.01625 0.017991004497751123
2 0.1925 0.22488755622188905 0.005 0.005997001499250375
1 0.11375 0.4272863568215892 0.05375 0.038980509745127435
1 0.0275 0.5757121439280359 0.04625 0.10194902548725637
2 0.02125 0.5937031484257871 0.01625 0.014992503748125937
2 0.25 0.767616191904048 0.01 0.01199400299850075
1 0.315 0.7391304347826086 0.06875 0.10644677661169415
0 0.28125 0.512743628185907 0.025 0.017991004497751123
0 0.28875 0.43778110944527737 0.02375 0.019490254872563718
0 0.27375 0.391304347826087 0.02 0.022488755622188907
1 0.34875 0.15892053973013492 0.0475 0.08095952023988005
2 0.3425 0.13343328335832083 0.00625 0.005997001499250375
2 0.92 0.26686656671664166 0.00875 0.008995502248875561
2 0.9075 0.21889055472263869 0.01 0.010494752623688156
0 0.8925 0.14992503748125938 0.01875 0.0239880059970015
1 0.87375 0.2863568215892054 0.065 0.07796101949025487
0 0.84375 0.22938530734632684 0.02 0.019490254872563718
2 0.69875 0.3238380809595202 0.01 0.010494752623688156
2 0.70875 0.383808095952024 0.01 0.01199400299850075
0 0.9225 0.3793103448275862 0.015 0.017991004497751123
0 0.9025 0.4002998500749625 0.01875 0.017991004497751123
0 0.9225 0.4962518740629685 0.015 0.014992503748125937
0 0.945 0.4767616191904048 0.01875 0.022488755622188907
2 0.89875 0.487256371814093 0.0075 0.0074962518740629685
2 0.905 0.5082458770614693 0.00875 0.01199400299850075
1 0.96625 0.5907046476761619 0.0525 0.095952023988006
2 0.5875 0.3103448275862069 0.00375 0.005997001499250375
2 0.73375 0.56071964017991 0.01 0.014992503748125937
2 0.7475 0.671664167916042 0.01 0.013493253373313344