0 0.025625 0.6686656671664168 0.04875 0.046476761619190406
2 0.520625 0.48500749625187406 0.04125 0.043478260869565216
3 0.4425 0.6664167916041979 0.03125 0.15142428785607195
3 0.57375 0.6634182908545727 0.0575 0.13193403298350825
2 0.8525 0.7083958020989505 0.01625 0.017991004497751123
2 0.39125 0.15142428785607195 0.00875 0.008995502248875561
2 0.469375 0.17616191904047976 0.00625 0.0074962518740629685
2 0.47 0.20764617691154422 0.00875 0.004497751124437781
1 0.466875 0.1446776611694153 0.04375 0.15142428785607195
0 0.47 0.08020989505247376 0.01625 0.014992503748125937
1 0.38875 0.11694152923538231 0.0375 0.09895052473763119
1 0.3175 0.20164917541229385 0.0725 0.05247376311844078
2 0.3125 0.25337331334332835 0.0125 0.008995502248875561
2 0.2975 0.29685157421289354 0.0125 0.010494752623688156
2 0.196875 0.30884557721139433 0.01375 0.008995502248875561
2 0.18375 0.3343328335832084 0.01625 0.010494752623688156
0 0.315625 0.05997001499250375 0.03 0.0239880059970015
0 0.1775 0.0704647676161919 0.02875 0.025487256371814093
2 0.156875 0.3658170914542729 0.0175 0.01199400299850075
2 0.11625 0.45577211394302847 0.01875 0.01649175412293853
0 0.19 0.41829085457271364 0.0275 0.029985007496251874
0 0.239375 0.30359820089955025 0.0275 0.031484257871064465
2 0.17875 0.5082458770614693 0.0175 0.022488755622188907
2 0.53 0.29310344827586204 0.0325 0.026986506746626688
2 0.54125 0.10569715142428786 0.01875 0.010494752623688156
2 0.543125 0.05697151424287856 0.0125 0.0074962518740629685
1 0.75 0.2331334332833583 0.05 0.06896551724137931
2 0.753125 0.2181409295352324 0.01375 0.008995502248875561
2 0.341875 0.8643178410794603 0.01625 0.0074962518740629685