2 0.189375 0.2747005988023952 0.025 0.02694610778443114
3 0.46875 0.5815868263473054 0.035 0.07784431137724551
3 0.513125 0.6175149700598802 0.11 0.0344311377245509
1 0.726875 0.24251497005988024 0.13875 0.22904191616766467
0 0.69875 0.3188622754491018 0.03125 0.029940119760479042
0 0.755625 0.24925149700598803 0.0375 0.029940119760479042
0 0.728125 0.15718562874251496 0.03375 0.03592814371257485
0 0.68125 0.23353293413173654 0.02875 0.02245508982035928
2 0.714375 0.20059880239520958 0.01625 0.020958083832335328
2 0.711875 0.2634730538922156 0.01 0.014970059880239521
2 0.738125 0.22979041916167664 0.01 0.014970059880239521
2 0.736875 0.2866766467065868 0.01375 0.023952095808383235
2 0.856875 0.2994011976047904 0.01 0.011976047904191617
1 0.34375 0.06511976047904192 0.02875 0.07335329341317365
1 0.5575 0.07859281437125748 0.055 0.12874251497005987
2 0.553125 0.10479041916167664 0.0075 0.008982035928143712
2 0.345 0.0561377245508982 0.01 0.010479041916167664
2 0.545625 0.1279940119760479 0.00625 0.005988023952095809
2 0.638125 0.37425149700598803 0.00375 0.004491017964071856
2 0.59375 0.13847305389221556 0.0025 0.004491017964071856
3 0.5775 0.12350299401197605 0.015 0.03293413173652695
3 0.69375 0.8525449101796407 0.01875 0.04940119760479042
2 0.6775 0.7859281437125748 0.005 0.0074850299401197605
2 0.704375 0.7851796407185628 0.0075 0.008982035928143712
3 0.24 0.47979041916167664 0.03 0.09730538922155689
2 0.2 0.6272455089820359 0.0125 0.011976047904191617