2 0.195 0.3343328335832084 0.025 0.026986506746626688
2 0.48375 0.5824587706146926 0.02 0.017991004497751123
3 0.46875 0.5877061469265368 0.03625 0.07496251874062969
3 0.51125 0.6169415292353823 0.11375 0.029985007496251874
1 0.73125 0.20389805097451275 0.14 0.22188905547226387
0 0.701875 0.2848575712143928 0.0325 0.026986506746626688
0 0.75875 0.20839580209895053 0.03875 0.026986506746626688
0 0.7325 0.12593703148425786 0.035 0.03298350824587706
0 0.685 0.20389805097451275 0.03 0.022488755622188907
2 0.715 0.23013493253373313 0.01125 0.014992503748125937
2 0.736875 0.25112443778110943 0.015 0.0239880059970015
2 0.856875 0.2436281859070465 0.01 0.01199400299850075
1 0.346875 0.09220389805097451 0.02875 0.07196401799100449
1 0.5625 0.06971514242878561 0.05375 0.12593703148425786
2 0.55375 0.09820089955022489 0.0075 0.008995502248875561
2 0.54375 0.12293853073463268 0.0075 0.010494752623688156
2 0.64 0.35157421289355323 0.01 0.010494752623688156
2 0.5975 0.12668665667166418 0.00375 0.005997001499250375
3 0.580625 0.11019490254872563 0.01625 0.031484257871064465
3 0.691875 0.820839580209895 0.01875 0.047976011994003
2 0.67875 0.7586206896551724 0.0075 0.013493253373313344
2 0.70375 0.7541229385307346 0.0075 0.008995502248875561
3 0.238125 0.5262368815592204 0.03 0.0944527736131934
2 0.20625 0.6851574212893553 0.01375 0.01199400299850075