2 0.334375 0.6491754122938531 0.0525 0.06296851574212893
2 0.4775 0.671664167916042 0.03375 0.034482758620689655
0 0.9125 0.6101949025487257 0.06 0.050974512743628186
2 0.128125 0.8253373313343328 0.2075 0.08545727136431784
0 0.024375 0.6011994002998501 0.04875 0.095952023988006
2 0.376875 0.48050974512743627 0.03625 0.037481259370314844
2 0.43125 0.29160419790104947 0.02875 0.025487256371814093
2 0.875 0.43853073463268366 0.02 0.022488755622188907
2 0.853125 0.34707646176911544 0.0225 0.025487256371814093
2 0.816875 0.20539730134932535 0.01375 0.01199400299850075
2 0.8025 0.15667166416791603 0.015 0.01649175412293853
0 0.76375 0.024737631184407798 0.0325 0.0239880059970015
0 0.913125 0.03298350824587706 0.02625 0.02848575712143928
2 0.9425 0.09745127436281859 0.015 0.008995502248875561
2 0.949375 0.11319340329835083 0.01375 0.005997001499250375
2 0.993125 0.17991004497751126 0.01125 0.01199400299850075
2 0.488125 0.10194902548725637 0.025 0.019490254872563718
2 0.500625 0.05622188905547226 0.01375 0.01199400299850075
2 0.57 0.03523238380809595 0.02125 0.01199400299850075
2 0.455625 0.04047976011994003 0.02625 0.01649175412293853
2 0.424375 0.09220389805097451 0.025 0.025487256371814093
2 0.42375 0.1671664167916042 0.0225 0.025487256371814093
2 0.575 0.1619190404797601 0.025 0.025487256371814093
2 0.588125 0.08545727136431784 0.02 0.019490254872563718
2 0.399375 0.18140929535232383 0.01 0.010494752623688156
3 0.32625 0.12593703148425786 0.02 0.02848575712143928
3 0.33 0.1664167916041979 0.015 0.02848575712143928
3 0.33125 0.20539730134932535 0.015 0.02848575712143928
1 0.23375 0.2938530734632684 0.06375 0.12743628185907047
2 0.194375 0.49250374812593706 0.01125 0.019490254872563718
0 0.315625 0.049475262368815595 0.02625 0.025487256371814093
2 0.36 0.8553223388305847 0.02 0.01649175412293853
2 0.724375 0.8508245877061469 0.0175 0.019490254872563718
0 0.50625 0.027736131934032984 0.025 0.020989505247376312
2 0.84125 0.09295352323838081 0.07625 0.08845577211394302
2 0.94375 0.4835082458770615 0.02 0.022488755622188907
0 0.176875 0.5337331334332833 0.03 0.038980509745127435