0 0.240625 0.05247376311844078 0.03625 0.04047976011994003
2 0.214375 0.14167916041979012 0.01375 0.01649175412293853
2 0.19375 0.20614692653673164 0.015 0.01649175412293853
1 0.160625 0.6581709145427287 0.035 0.049475262368815595
2 0.13875 0.6484257871064468 0.045 0.14842578710644677
0 0.184375 0.4917541229385307 0.03375 0.026986506746626688
0 0.19875 0.5134932533733133 0.0275 0.0239880059970015
0 0.61 0.19790104947526238 0.0175 0.031484257871064465
2 0.601875 0.2608695652173913 0.01125 0.01199400299850075
2 0.595 0.335832083958021 0.015 0.019490254872563718
2 0.575625 0.5614692653673163 0.01625 0.020989505247376312
2 0.5625 0.7113943028485757 0.015 0.017991004497751123
2 0.553125 0.09745127436281859 0.0275 0.025487256371814093
2 0.545 0.15592203898050974 0.02125 0.022488755622188907
2 0.69125 0.15442278860569716 0.02 0.017991004497751123
2 0.71 0.10269865067466268 0.02125 0.020989505247376312
2 0.23875 0.2136431784107946 0.04125 0.12593703148425786
1 0.771875 0.4205397301349325 0.035 0.07496251874062969
0 0.22125 0.348575712143928 0.02375 0.022488755622188907
0 0.400625 0.14992503748125938 0.02625 0.025487256371814093
0 0.808125 0.553223388305847 0.02625 0.031484257871064465
2 0.808125 0.5119940029985007 0.015 0.017991004497751123
2 0.62375 0.1184407796101949 0.1075 0.07796101949025487
2 0.163125 0.6536731634182908 0.0125 0.010494752623688156
2 0.144375 0.5247376311844077 0.01375 0.020989505247376312
3 0.769375 0.18065967016491755 0.02125 0.0239880059970015
3 0.78625 0.15292353823088456 0.02 0.019490254872563718
3 0.803125 0.1199400299850075 0.0175 0.026986506746626688
0 0.805 0.18065967016491755 0.0125 0.022488755622188907