0 0.023125 0.6191904047976012 0.04625 0.050974512743628186
2 0.521875 0.487256371814093 0.04125 0.046476761619190406
3 0.431875 0.6611694152923538 0.03625 0.15592203898050974
3 0.56125 0.6724137931034483 0.06 0.13793103448275862
2 0.83625 0.7406296851574213 0.0175 0.019490254872563718
2 0.4175 0.1386806596701649 0.0075 0.008995502248875561
2 0.493125 0.17166416791604197 0.00625 0.0074962518740629685
2 0.49125 0.20389805097451275 0.0075 0.004497751124437781
1 0.491875 0.1401799100449775 0.04875 0.15742128935532235
0 0.499375 0.07571214392803598 0.0175 0.01649175412293853
1 0.418125 0.10344827586206896 0.03875 0.10344827586206896
1 0.340625 0.18215892053973012 0.0725 0.05697151424287856
2 0.333125 0.23238380809595202 0.0125 0.010494752623688156
2 0.315625 0.2766116941529235 0.0125 0.01199400299850075
2 0.215 0.2773613193403298 0.01375 0.010494752623688156
2 0.2 0.30134932533733133 0.01625 0.01199400299850075
2 0.125625 0.41754122938530736 0.02 0.017991004497751123
0 0.2 0.3905547226386807 0.02625 0.031484257871064465
0 0.25625 0.2773613193403298 0.02625 0.03298350824587706
2 0.18375 0.4767616191904048 0.0175 0.0239880059970015
1 0.764375 0.2571214392803598 0.05125 0.07196401799100449
2 0.318125 0.8515742128935532 0.01625 0.008995502248875561
2 0.545625 0.2946026986506747 0.0325 0.026986506746626688