2 0.73625 0.8703148425787106 0.05375 0.06296851574212893
2 0.338125 0.782608695652174 0.01625 0.017991004497751123
2 0.2775 0.5869565217391305 0.0175 0.020989505247376312
2 0.1575 0.17916041979010494 0.005 0.005997001499250375
1 0.1025 0.37106446776611696 0.05875 0.044977511244377814
1 0.03375 0.5089955022488756 0.05375 0.11394302848575712
2 0.03 0.5262368815592204 0.0175 0.017991004497751123
2 0.28125 0.7331334332833583 0.01125 0.013493253373313344
1 0.34375 0.7128935532233883 0.0775 0.1199400299850075
0 0.2825 0.48125937031484256 0.0275 0.020989505247376312
0 0.279375 0.4077961019490255 0.02625 0.022488755622188907
0 0.25875 0.35907046476761617 0.0225 0.025487256371814093
1 0.30625 0.136431784107946 0.05375 0.08995502248875563
2 0.29625 0.10944527736131934 0.0075 0.005997001499250375
2 0.894375 0.32608695652173914 0.01 0.008995502248875561
2 0.874375 0.2766116941529235 0.01125 0.01199400299850075
0 0.85125 0.20539730134932535 0.02125 0.026986506746626688
1 0.84875 0.3395802098950525 0.0725 0.08695652173913043
0 0.8125 0.2773613193403298 0.0225 0.022488755622188907
2 0.6775 0.35082458770614694 0.01125 0.01199400299850075
2 0.69625 0.41304347826086957 0.01125 0.013493253373313344
0 0.91125 0.43853073463268366 0.01625 0.020989505247376312
0 0.8925 0.45652173913043476 0.02125 0.020989505247376312
0 0.924375 0.5569715142428786 0.01625 0.017991004497751123
0 0.944375 0.54047976011994 0.02125 0.025487256371814093
2 0.89875 0.5434782608695652 0.00875 0.0074962518740629685
2 0.908125 0.5667166416791605 0.01 0.013493253373313344
1 0.974375 0.6581709145427287 0.04875 0.10794602698650675
2 0.565625 0.3230884557721139 0.00375 0.005997001499250375
2 0.743125 0.5952023988005997 0.0125 0.01649175412293853
2 0.770625 0.7068965517241379 0.01125 0.014992503748125937