2 0.350625 0.6332335329341318 0.0475 0.06287425149700598
2 0.49625 0.6706586826347305 0.03 0.0344311377245509
0 0.9275 0.6541916167664671 0.05375 0.05089820359281437
2 0.161875 0.7881736526946108 0.18625 0.08532934131736528
0 0.026875 0.5494011976047904 0.05375 0.09431137724550898
2 0.374375 0.46781437125748504 0.0325 0.0374251497005988
2 0.4075 0.28218562874251496 0.02625 0.025449101796407185
2 0.87 0.47679640718562877 0.0175 0.02245508982035928
2 0.838125 0.38248502994011974 0.02 0.025449101796407185
2 0.785625 0.23502994011976047 0.0125 0.011976047904191617
2 0.76625 0.18338323353293412 0.01375 0.016467065868263474
0 0.7125 0.048652694610778445 0.02875 0.023952095808383235
0 0.863125 0.0718562874251497 0.02375 0.02844311377245509
2 0.9 0.13922155688622753 0.01375 0.008982035928143712
2 0.909375 0.15793413173652696 0.0125 0.005988023952095809
2 0.9625 0.2275449101796407 0.0125 0.010479041916167664
2 0.993125 0.2844311377245509 0.01125 0.019461077844311378
2 0.443125 0.09580838323353294 0.0225 0.019461077844311378
2 0.450625 0.050149700598802395 0.0125 0.011976047904191617
2 0.51875 0.03817365269461078 0.01875 0.011976047904191617
2 0.404375 0.03143712574850299 0.02375 0.016467065868263474
2 0.378125 0.08008982035928144 0.0225 0.025449101796407185
2 0.38625 0.15494011976047903 0.02 0.025449101796407185
2 0.5375 0.16467065868263472 0.0225 0.025449101796407185
2 0.541875 0.08832335329341318 0.0175 0.019461077844311378
2 0.363125 0.1661676646706587 0.00875 0.010479041916167664
3 0.28375 0.10179640718562874 0.0175 0.02844311377245509
3 0.29125 0.14520958083832336 0.01375 0.02844311377245509
3 0.2975 0.18413173652694612 0.01375 0.02844311377245509
1 0.20875 0.2634730538922156 0.0575 0.12724550898203593
2 0.191875 0.4588323353293413 0.01 0.019461077844311378
0 0.264375 0.025449101796407185 0.02375 0.025449101796407185
2 0.39875 0.8420658682634731 0.0175 0.016467065868263474
2 0.764375 0.8764970059880239 0.01625 0.019461077844311378
0 0.45375 0.021706586826347306 0.0225 0.020958083832335328
2 0.7975 0.12574850299401197 0.06875 0.08832335329341318
2 0.945 0.530688622754491 0.0175 0.02245508982035928
0 0.179375 0.5 0.0275 0.038922155688622756