3 0.71 0.4527736131934033 0.025 0.008995502248875561
3 0.63375 0.4535232383808096 0.0125 0.0074962518740629685
3 0.77875 0.45652173913043476 0.015 0.005997001499250375
3 0.614375 0.431784107946027 0.0075 0.01649175412293853
3 0.618125 0.34632683658170915 0.005 0.01199400299850075
3 0.62125 0.2773613193403298 0.00875 0.014992503748125937
3 0.625625 0.16941529235382308 0.01625 0.019490254872563718
3 0.5175 0.11394302848575712 0.0225 0.01649175412293853
3 0.42875 0.11619190404797601 0.01625 0.010494752623688156
2 0.229375 0.18590704647676162 0.005 0.005997001499250375
2 0.279375 0.18815592203898052 0.00625 0.0074962518740629685
2 0.28875 0.08470764617691154 0.00625 0.0074962518740629685
3 0.31375 0.1701649175412294 0.01625 0.025487256371814093
2 0.195625 0.6574212893553223 0.00625 0.0074962518740629685
3 0.214375 0.5787106446776612 0.01625 0.0704647676161919
3 0.28375 0.5142428785607196 0.01625 0.020989505247376312
3 0.2675 0.8065967016491754 0.01625 0.019490254872563718
3 0.27625 0.6761619190404797 0.0225 0.03298350824587706
3 0.29625 0.33883058470764615 0.02125 0.02848575712143928
2 0.21125 0.41679160419790107 0.00875 0.010494752623688156
3 0.235 0.24512743628185907 0.015 0.041979010494752625
3 0.25375 0.08020989505247376 0.0175 0.035982008995502246
2 0.723125 0.2623688155922039 0.0175 0.020989505247376312
2 0.724375 0.1679160419790105 0.01875 0.017991004497751123
3 0.774375 0.07796101949025487 0.05125 0.05847076461769116
3 0.698125 0.047976011994003 0.03125 0.038980509745127435