0 0.166875 0.014970059880239521 0.02875 0.029940119760479042
2 0.15375 0.09281437125748503 0.015 0.017964071856287425
0 0.565625 0.20658682634730538 0.0175 0.03293413173652695
2 0.566875 0.2634730538922156 0.01 0.011976047904191617
2 0.571875 0.3473053892215569 0.01625 0.020958083832335328
2 0.585625 0.5711077844311377 0.0175 0.02245508982035928
2 0.595625 0.7208083832335329 0.01625 0.019461077844311378
2 0.491875 0.09281437125748503 0.02625 0.025449101796407185
2 0.4925 0.15119760479041916 0.02125 0.02245508982035928
2 0.64 0.16991017964071856 0.02 0.019461077844311378
2 0.65 0.11377245508982035 0.02125 0.020958083832335328
1 0.761875 0.45209580838323354 0.0325 0.0748502994011976
0 0.340625 0.12574850299401197 0.025 0.025449101796407185
0 0.81875 0.5853293413173652 0.025 0.03143712574850299
2 0.8125 0.5479041916167665 0.01625 0.019461077844311378
2 0.565625 0.12050898203592815 0.10125 0.07934131736526946
2 0.139375 0.47754491017964074 0.015 0.02245508982035928